2.165945261598936078e-01 1.599868291595401615e+03
2.189793329940835365e-01 1.596550249507585477e+03
2.231834033231962777e-01 1.566617089972505937e+03
2.259073069555533053e-01 1.553759530030172073e+03
2.282999258483101312e-01 1.548181747799383402e+03
2.307042809692494700e-01 1.547667183564949255e+03
2.329003978922067064e-01 1.548937340076911369e+03
2.345785102632425845e-01 1.547250905643575379e+03
2.353725823187681476e-01 1.536246377264538069e+03
2.363909718531563287e-01 1.530927340981061207e+03
2.374003903592911968e-01 1.529992468901783013e+03
2.384246578893061130e-01 1.533196970929554482e+03
2.393415579621689104e-01 1.536052904868394990e+03
2.405156452366899178e-01 1.540643306999370225e+03
2.417898518199615432e-01 1.549481266181046522e+03
2.432103795271499114e-01 1.560350104763588661e+03
2.446697392311678598e-01 1.577276597418161373e+03
2.461716574630479770e-01 1.600474044284003412e+03
2.475912361476148849e-01 1.605694331838846210e+03
2.479311539006927578e-01 1.604446517485021559e+03
2.485871466016043030e-01 1.608077840052834063e+03
2.493151524180045875e-01 1.610757749482376312e+03
2.504053502171707524e-01 1.613017958201963665e+03
2.510164933409136379e-01 1.606649216762978767e+03
2.518133790555514007e-01 1.606033355918979623e+03
2.526640896220627153e-01 1.608176296698388796e+03
2.534456189644000990e-01 1.615524341499096863e+03
2.541995390071968841e-01 1.627648863405213206e+03
2.548334782598191128e-01 1.643742752340705010e+03
2.556765481559475917e-01 1.661187254849895453e+03
2.560872158554379774e-01 1.670595092681191545e+03
2.556700003546693023e-01 1.676591654200416087e+03
2.543177834753137523e-01 1.670991065565451208e+03
2.544548368901952129e-01 1.649156760738641651e+03
2.534062680078901231e-01 1.611670407151691052e+03
2.524707457064666039e-01 1.580583862732756643e+03
2.515804953356287066e-01 1.554741384867033958e+03
2.507132406176446615e-01 1.533758146918360353e+03
2.498551353670219743e-01 1.519180076674991142e+03
2.489975856509398233e-01 1.503483857861113847e+03
2.478322054581444389e-01 1.489566374231382042e+03
2.465573671156563729e-01 1.481719200270623560e+03
2.453492054964593883e-01 1.479545510929616285e+03
2.441417645744564102e-01 1.484330053629803388e+03
2.428982783690574743e-01 1.478350713565810338e+03
2.424664780560716604e-01 1.466848572989891181e+03
2.424250326323045268e-01 1.454600085718392165e+03
2.424865107227222039e-01 1.448579059493530622e+03
2.424978934173334655e-01 1.444849511943834159e+03
2.426287480999626267e-01 1.447348064393885352e+03
2.427234808203651562e-01 1.443869632956943633e+03
2.427509458979309753e-01 1.442709236958850397e+03
2.427090738149199067e-01 1.437032599572354229e+03
2.424075058425670115e-01 1.435158018665260443e+03
2.415458842628778191e-01 1.415177118895566991e+03
2.410043350038844900e-01 1.395159434959513646e+03
2.401827748336700097e-01 1.377176763789393590e+03
2.392855117432773349e-01 1.366203616447465492e+03
2.384348653162177700e-01 1.361724708679879541e+03
2.372536679827298434e-01 1.320899731451225307e+03
2.365877842578394952e-01 1.281394320293255987e+03
2.351308027487055974e-01 1.236835765027060233e+03
2.340163274536625759e-01 1.201307320698266039e+03
2.329796691925710150e-01 1.172768688129800694e+03
2.319879378977172668e-01 1.148903178923045516e+03
2.309710389419308840e-01 1.132566092803351694e+03
2.301012108481783058e-01 1.117239353881451279e+03
2.295208158812359622e-01 1.103763652282776093e+03
2.286805933581469719e-01 1.088002521678725088e+03
2.279519216745903021e-01 1.080080323929545557e+03
2.272430465945580735e-01 1.081045043488970578e+03
2.264994761294483738e-01 1.089163194324748019e+03
2.257972122022941230e-01 1.096762395608796169e+03
2.249067006461478446e-01 1.110819268104003640e+03
2.239415809730777862e-01 1.133199585450056020e+03
2.231123828418907773e-01 1.158472446586488559e+03
2.223237269525701887e-01 1.190138756892642959e+03
2.215611419303649687e-01 1.197257288188157418e+03
2.205582046509551586e-01 1.206700011746195059e+03
2.193888271021319225e-01 1.223979327886095007e+03
2.179272582119063939e-01 1.246533814768358980e+03
2.156673068793623360e-01 1.277498161032541930e+03
2.144061136800182732e-01 1.284064581863571220e+03
2.140642594795569564e-01 1.274652809476379389e+03
2.142973159413239514e-01 1.268975652475200150e+03
2.232682265753531126e-01 1.155722158343714227e+03
3.830821220066317756e-01 6.739036924867274365e+02
5.032668831557773892e-01 2.639701811728039615e+02
5.072425458798833775e-01 2.708650177951214459e+02
5.082563996938530559e-01 2.566470141754611518e+02
5.082689501128818677e-01 2.084980112251556079e+02
5.073265798801657178e-01 1.803199112562628841e+02
5.066549924742573818e-01 1.886902193478662184e+02
5.056445494043382283e-01 1.749224157350589337e+02
5.039486348875266142e-01 1.264995111397457492e+02
5.029576163866615879e-01 6.703081038391346169e+01
5.019355143825862120e-01 6.198894390029496293e+01
5.008025802019937522e-01 6.179743048070476164e+01
4.997410852639325718e-01 6.236033552092023768e+01
4.986495657087407496e-01 6.147353531877364929e+01
4.976299994585461350e-01 6.193804780061675075e+01
4.966025719822681483e-01 6.187647285517116558e+01
4.955147047763829304e-01 6.688746763571307952e+01
4.943229838675886612e-01 7.205936457741240986e+01
4.934772555030851326e-01 6.062647211358392951e+01
4.926692073790554516e-01 6.095369372406876352e+01
4.918687985079897018e-01 6.103262295170132745e+01
4.910628968965120578e-01 6.331165441560565910e+01
4.902033551086517060e-01 7.611573260773265304e+01
4.894234059018574001e-01 6.078286790173160625e+01
4.887500098081691280e-01 6.220658282091667246e+01
4.881274035168836622e-01 6.219701920940733686e+01
4.875510308210205812e-01 6.156572863846210453e+01
4.869965595312678586e-01 6.094460418740946039e+01
4.864621908737152278e-01 6.143713302084796624e+01
4.859368385156964676e-01 6.108865721257033243e+01
4.854187910838625997e-01 6.178852750975883623e+01
4.848687877602520513e-01 6.102440180069585551e+01
4.843317014965267675e-01 6.065225472298928366e+01
4.837958926665887338e-01 6.115414702051948126e+01
4.832575062453757786e-01 7.286790019286374331e+01
4.828372906344317039e-01 6.293809425308435834e+01
4.822486286570129010e-01 7.333532273606763852e+01
4.818944542109829254e-01 6.140735519260375241e+01
4.815432718935356293e-01 6.088757942894275743e+01
4.812136472842927226e-01 6.625142743582178184e+01
4.809374987645479993e-01 6.156495419259668012e+01
4.805584080241811495e-01 6.711112504202633033e+01
4.803676052145432473e-01 6.324894002413554972e+01
4.800663122441313768e-01 6.036986538590511486e+01
4.798032552257100458e-01 7.443400727752752744e+01
4.796084154402019406e-01 6.223809002799171708e+01
4.792251741504588991e-01 6.441316118727002049e+01
4.790698940570258246e-01 6.349578425008978400e+01
4.788889249629653122e-01 6.069975698937783903e+01
4.786597501446094305e-01 7.327634638860689620e+01
4.786095064821304090e-01 6.225287620579407388e+01
4.784469978103106924e-01 6.320755776443913732e+01
4.784088121864100707e-01 6.160898040376392970e+01
4.783883924387978270e-01 6.075004886889172440e+01
4.783514095722071757e-01 6.239107343839000919e+01
4.783410956497265998e-01 6.121093172925498749e+01
4.783243600756539871e-01 6.188240361268214684e+01
4.782662590887987730e-01 6.579557552638657114e+01
