2.001809916571536119e-01 2.010194303120126278e+03
2.002598920454608522e-01 1.998115531095179904e+03
2.001312258319355719e-01 1.996516242907992591e+03
2.000240695834417104e-01 1.998142367741690805e+03
1.998651814428789586e-01 2.004756681074598873e+03
1.996166032751574282e-01 2.013332047759676698e+03
1.989095035291295333e-01 2.014244444838604750e+03
1.976822262406724984e-01 2.017955552163155289e+03
1.968515927456647163e-01 2.016497247970018179e+03
1.955798231432152867e-01 2.016207825156170202e+03
1.946301427159925213e-01 2.018437285620425655e+03
1.935292414452994547e-01 2.022180395252837570e+03
1.929941930011641049e-01 2.018154356653416926e+03
1.923895534264691010e-01 2.018418592573938213e+03
1.916689428739013767e-01 2.021594489533372553e+03
1.905115220373552465e-01 2.016134861044060244e+03
1.890509440018058318e-01 2.014345822810389109e+03
1.874807087834857999e-01 2.016967152719669912e+03
1.858863069690417369e-01 2.021938054240565179e+03
1.842626823722837703e-01 2.031565317947259473e+03
1.827740716562427647e-01 2.037838476629699016e+03
1.810961687002218268e-01 2.048125444993020665e+03
1.795085872800696314e-01 2.062536536585250360e+03
1.778086058466528396e-01 2.073010795017223700e+03
1.759501734958274222e-01 2.087248219945146502e+03
1.741602722177962304e-01 2.104497748706126004e+03
1.721410090133513038e-01 2.123333730382757494e+03
1.695011401357104375e-01 2.147040529287331537e+03
1.665024355565971892e-01 2.173912021615388767e+03
1.600174985463527488e-01 2.213198203600421039e+03
1.368047848266351063e-01 2.308252499250407254e+03
1.334926607846961821e-01 2.333961948684596337e+03
1.336222833785699338e-01 2.330007625217112036e+03
1.340686458465649711e-01 2.329339303348061549e+03
1.346741655585707853e-01 2.330010270663645770e+03
1.348164533111746721e-01 2.333058410106206338e+03
1.348699139198512587e-01 2.340199412909762032e+03
1.349466141809081976e-01 2.342132525775852628e+03
1.345091981342036724e-01 2.345307488933689001e+03
1.340864456121665382e-01 2.352262779320045865e+03
1.337240838006057142e-01 2.352543619333701827e+03
1.336571761534158520e-01 2.356045939166699554e+03
1.336646876547906426e-01 2.361137101816871564e+03
1.333254535569944887e-01 2.361123652625693012e+03
1.332983295915418365e-01 2.364104495087038686e+03
1.332870521166682198e-01 2.371338058893584730e+03
1.332353076490578325e-01 2.371120674471755137e+03
1.325509711252929601e-01 2.370278559301676069e+03
1.320839019500208433e-01 2.370627525554358726e+03
1.314741743578005662e-01 2.374693795065396898e+03
1.307254483677309786e-01 2.386579923438534479e+03
1.301926995803437404e-01 2.355245028775740593e+03
1.305101897137323497e-01 2.332783936342467314e+03
1.306983342449440366e-01 2.314380471986347857e+03
1.307589820873945041e-01 2.298713424412937002e+03
1.308532063885195496e-01 2.287235508515133915e+03
1.309381524551293530e-01 2.278771928859652689e+03
1.312167935358172222e-01 2.271578694039259062e+03
1.313862063703191418e-01 2.268266730386005747e+03
1.318675642402897807e-01 2.263481618032329607e+03
1.311875632469519659e-01 2.230332685197881801e+03
7.159995317755208921e-01 2.230587495848477886e+02
7.454249569688125021e-01 7.387509701548880514e+01
7.468454073286298067e-01 6.199514001406564034e+01
7.477295516543625009e-01 7.582094536387634776e+01
7.484433510182116889e-01 6.272266325953682298e+01
7.491018687260349029e-01 6.057574539849174755e+01
7.497292146660652357e-01 7.492286758745252939e+01
7.500169370777897138e-01 6.137690858479744804e+01
7.501526539186286202e-01 8.121143520117162495e+01
7.497601087808575260e-01 6.436169540850637816e+01
7.498437136266621339e-01 6.610688319285785042e+01
7.502439279141126516e-01 6.051622893425018646e+01
7.506391595959198693e-01 6.166020250092513777e+01
7.510306920630352989e-01 6.110434732299762572e+01
7.513920381777120516e-01 6.139788143311051272e+01
7.516926282460285602e-01 6.703793085126768858e+01
7.519348605840353583e-01 6.887367182187242065e+01
7.488158275269085618e-01 9.097516469561918484e+01
3.472354521946000028e-01 1.394278790132999120e+03
3.473371775450596055e-01 1.381018958113022791e+03
3.480685778325204871e-01 1.358566770445190741e+03
3.489377692037598511e-01 1.344896803450563993e+03
3.502220359932454175e-01 1.340873735915200996e+03
3.722706415969661564e-01 1.280341371999683361e+03
3.266108201298372760e-01 1.030798342610057261e+03
3.447748170065886852e-01 9.114608716012934337e+02
3.457646763733747131e-01 8.781250981680833547e+02
3.464097593799805308e-01 8.568096686283951158e+02
3.885380781701247566e-01 9.546807807849664869e+02
3.894043062150636114e-01 9.254300726576235547e+02
3.899012833189427485e-01 9.060988383804801742e+02
3.905582431105942831e-01 8.952744328020180546e+02
3.912048517985049489e-01 8.959066248929991616e+02
3.919758768149776418e-01 9.082225996681311244e+02
3.927103470747534963e-01 8.926944698146623978e+02
3.930104664322156549e-01 8.828619044673753251e+02
3.936804120603669133e-01 8.782236854596999365e+02
3.943450553857512086e-01 8.856026277234019517e+02
3.950137215532474877e-01 8.952444136015408276e+02
3.951904489080689253e-01 8.919069953825327275e+02
3.958763335032322583e-01 8.945782395731025645e+02
3.964302546123918414e-01 9.083944354391439902e+02
3.968983191767187502e-01 9.336363668304981047e+02
3.961340888903470137e-01 9.903469855128624886e+02
3.967618044135405309e-01 1.004136455501845489e+03
