3.751274502573357927e-01 2.243413517102025708e+03
3.745825766094974529e-01 2.243834491399722083e+03
3.695122190055600830e-01 2.176743425688877778e+03
3.690708420302110104e-01 2.134659592610996242e+03
3.681258384851655019e-01 2.109141536368225388e+03
3.472392599413942627e-01 1.923648472781952705e+03
3.461115166875791127e-01 1.895411462065973865e+03
3.450701416030149682e-01 1.868869019247566939e+03
3.388779154090809098e-01 1.783730092755796932e+03
3.344441379623702693e-01 1.735809887086969866e+03
3.327837199821099823e-01 1.707384596871160966e+03
3.313015903453274125e-01 1.682613904894250027e+03
3.297922110802878892e-01 1.659540771336313583e+03
3.284224693163758646e-01 1.642907427464737111e+03
3.271453187433064347e-01 1.629240534843370369e+03
3.257136990687835021e-01 1.619204834753138130e+03
3.245090451100575146e-01 1.608992952502348771e+03
3.235080105148555041e-01 1.602721264767126286e+03
3.225179760406824414e-01 1.602772846982310284e+03
3.215432628419797600e-01 1.609057176923693532e+03
3.204881536952121635e-01 1.604559398644172234e+03
3.193312667539512928e-01 1.604372949414564346e+03
3.183197916583054843e-01 1.605485512202839573e+03
3.171251191918161294e-01 1.610014754973299887e+03
3.158507718457929103e-01 1.620487787227264562e+03
3.147990823299111063e-01 1.626407529375845570e+03
3.132414001328333031e-01 1.632163502096072307e+03
3.117573938159248770e-01 1.643960879172522709e+03
3.104408046659511422e-01 1.661010808870354367e+03
3.094191786070835670e-01 1.683734850729945038e+03
3.084001056341449942e-01 1.711684023945241961e+03
3.081629235671177747e-01 1.749981355517042402e+03
3.070664105169765845e-01 1.757276058709394420e+03
3.062248477779179190e-01 1.769014022341069676e+03
3.056785212561254350e-01 1.758526676376089654e+03
3.041282574921986281e-01 1.744757922820567728e+03
3.027498157230793518e-01 1.736496227387643103e+03
3.013148044459545427e-01 1.731799308860290012e+03
2.997087584679705152e-01 1.730490405667620735e+03
2.984102854178243280e-01 1.725859891481114346e+03
2.968121473381721831e-01 1.724633811542378680e+03
2.984830035668200598e-01 1.711069394416989553e+03
2.976145269413502659e-01 1.706465157511639063e+03
2.960854874318526453e-01 1.708894243572999585e+03
2.944705739060297089e-01 1.717023549417686581e+03
2.926492467607714754e-01 1.731234165812562878e+03
2.868603016501845571e-01 1.761399898811532012e+03
2.851437414197343090e-01 1.782037810571809814e+03
2.842561476876949156e-01 1.782109617213096726e+03
2.840910015203929051e-01 1.776069933745277694e+03
2.839931864830251285e-01 1.770938870578286696e+03
2.840069898196516118e-01 1.769263874552876587e+03
2.837846367836711070e-01 1.765871330283047428e+03
2.833023533407394989e-01 1.766371061338257505e+03
2.826330670344959772e-01 1.761360281712038613e+03
2.816435908062017712e-01 1.761089284415936845e+03
2.809847391501845149e-01 1.763149147101978997e+03
2.803109874160891191e-01 1.765300347058928310e+03
2.780859811948953597e-01 1.767303262502160806e+03
2.771001673947380839e-01 1.758091452859497622e+03
2.771101619425475615e-01 1.750289693774550415e+03
2.535341638994289548e-01 4.621686424976560943e+02
2.528832839947453559e-01 4.089332528893941685e+02
2.528458937178625354e-01 4.080617290434053643e+02
2.522355239794079607e-01 3.148844233850598471e+02
2.509903382882023859e-01 2.567512218522496710e+02
2.509002210252636034e-01 1.771988804813546494e+02
2.512606476205288542e-01 1.156394693719667544e+02
2.514727461428669097e-01 6.826399688329358639e+01
2.517410770347783822e-01 8.622498423357924935e+01
2.518864939122598123e-01 7.708903599255323513e+01
2.517375896958254367e-01 1.257935476159256609e+02
2.516644183075282259e-01 2.095189400444906482e+02
2.518175944186561988e-01 3.005838512991352900e+02
2.515779495428809853e-01 2.663171804856517610e+02
2.506818611678648945e-01 2.565134785018309458e+02
2.504431110247146708e-01 1.934738304162643203e+02
2.505313876111148197e-01 1.649168719879508274e+02
2.506365994893130500e-01 1.690278199765481588e+02
2.508956424565249588e-01 1.834787490642320051e+02
2.508116596116763963e-01 1.124678930254604268e+02
2.516904501624125934e-01 6.973357108579021713e+01
2.525760100360147642e-01 9.611602433798891809e+01
2.533735267837877170e-01 1.133394179158400448e+02
2.537751511035004071e-01 9.660233766205678307e+01
2.537574962444915649e-01 1.511537768712447587e+02
2.536842895452744440e-01 7.774304999428730412e+01
2.543635822323682127e-01 6.396101550715097517e+01
2.549371405645817767e-01 6.453488588536016834e+01
2.553552837097655126e-01 6.445978892369225832e+01
2.555694438906744304e-01 6.660876629266125803e+01
2.555395638806912673e-01 6.445625296341081878e+01
2.553550408962493301e-01 8.842853202589694206e+01
2.550560237384853490e-01 1.669087613008852600e+02
2.548874968799946239e-01 9.656621108873322612e+01
2.554058029253685191e-01 6.608799846510895293e+01
2.558971188241442873e-01 8.892245337935453620e+01
2.563751453774461564e-01 1.699776052454751607e+02
2.569561196528324931e-01 1.637111500870716725e+02
2.580917031238799675e-01 1.948085823420334748e+02
2.591401480449258554e-01 1.541895174827860728e+02
2.593388725635767944e-01 8.634198356170482214e+01
2.604464857167063663e-01 6.276533016969692369e+01
2.615688003780684556e-01 6.996598668879016714e+01
2.627769070721667211e-01 6.156220027055952926e+01
2.641002120198438496e-01 8.207352785744738810e+01
2.653506216557807162e-01 6.114559812743798517e+01
2.667249504152989226e-01 6.078851030850535153e+01
2.681058087980328630e-01 6.060731921535940359e+01
2.694870613013046201e-01 6.114577882446920398e+01
2.708699078230935031e-01 6.513775723304193832e+01
2.723179677126630338e-01 6.402138155536879083e+01
2.736403719115270139e-01 6.235145688160317690e+01
2.750683109936031268e-01 6.360256136763128154e+01
2.764193538858820132e-01 6.070663011350566762e+01
2.778082664475671759e-01 6.072053201849360704e+01
2.791999381194666396e-01 6.126779009605111526e+01
2.805801188720119521e-01 6.104467402509556706e+01
2.819365115538548516e-01 6.074875797046232151e+01
2.832850045856361576e-01 6.177217068383200171e+01
2.846208176010170399e-01 6.246792743208889931e+01
2.858814380824334367e-01 6.159406558942809795e+01
2.871867143872909311e-01 6.056363631617688270e+01
2.884968662474879930e-01 6.744222459537866143e+01
2.898410970762476113e-01 6.737153722283107982e+01
2.909582624908460535e-01 6.089216781507355591e+01
2.921368747043353031e-01 6.176739120177519027e+01
2.932893491100294625e-01 6.162656944003231985e+01
2.943978616988950359e-01 6.075400561597103888e+01
2.955056863609193951e-01 6.268950715519624595e+01
2.965732231550032849e-01 6.641501744208785851e+01
2.975383239631361754e-01 6.466494943446251398e+01
2.982979817491284158e-01 6.350599079866563557e+01
2.989040422834942090e-01 6.164607197308703235e+01
2.994025482068347066e-01 6.061096173379596763e+01
2.998950950638292756e-01 6.286171747121882447e+01
3.003517729784601076e-01 6.591226430613485832e+01
3.006560042582236414e-01 6.091627015227611253e+01
3.009372376709996688e-01 6.178361802460706542e+01
3.011679450387001467e-01 6.188300061129173457e+01
3.013237811620624873e-01 6.075120240259927584e+01
3.014514394946411491e-01 6.332691195589307398e+01
3.015392796555758093e-01 6.648899520083530490e+01
