5.634973915467684363e-02 1.620654769634405056e+03
5.637378572201073856e-02 1.620952049304852153e+03
5.627240606223214009e-02 1.625156442411727994e+03
5.617388721562679293e-02 1.635672963231055292e+03
5.608041172189674045e-02 1.647265443575170821e+03
5.590832664318326484e-02 1.667962052156747177e+03
5.580260269539328438e-02 1.645440832503475349e+03
5.601055727639345228e-02 1.628572205904941029e+03
5.624313959621947412e-02 1.618140898238914815e+03
5.649759253686197080e-02 1.626567611008322956e+03
5.660189213011645321e-02 1.309169393924688848e+03
5.720720316054911381e-02 1.258714834126656342e+03
5.748293008093242201e-02 1.230516047920531264e+03
5.984545825372387939e-02 1.256659512986046593e+03
6.029858278329582738e-02 1.251345570787222869e+03
6.067832941219046539e-02 1.234226500216962677e+03
6.096759216222342320e-02 1.223165279354583390e+03
6.097871226833704444e-02 1.196124779040207613e+03
6.133126629005569014e-02 1.174694935337347033e+03
6.170980886623917555e-02 1.161398700210170318e+03
6.216452260105675975e-02 1.124463905774671957e+03
6.272952812179451165e-02 1.095251249350568969e+03
6.327352329549695842e-02 1.066587216169051544e+03
6.386320433915773642e-02 1.044569217012830450e+03
6.439923736327145265e-02 1.028356586628695368e+03
6.468905822784735971e-02 1.007894692209031859e+03
6.483302753966496690e-02 9.950476050416842781e+02
6.492542379011860543e-02 9.879112060843856398e+02
6.520997509537847237e-02 9.820622957249389628e+02
6.548696439158509242e-02 9.861217246108825520e+02
6.569484054883577284e-02 9.959076551106682018e+02
6.604131748032390781e-02 1.012637319852350174e+03
6.611230596094706813e-02 1.017547083079234653e+03
6.596305691442162777e-02 1.030704819945148756e+03
6.589024126819227611e-02 1.050873479606568480e+03
6.569567535021499094e-02 1.075224470236121533e+03
6.550024481892265105e-02 1.101688761272077954e+03
6.493402434724523942e-02 1.122401442776729027e+03
6.412196777367099032e-02 1.148838608562142326e+03
6.300270198189499016e-02 1.164944014877062727e+03
6.276455710886359729e-02 1.168850176389131093e+03
6.276656013225949404e-02 1.179860365030275261e+03
6.274616708690496092e-02 1.197346251202882058e+03
6.270635969948594457e-02 1.222867470149343944e+03
6.266326076826327085e-02 1.214165959285496228e+03
6.344768131313083259e-02 1.203899339973260112e+03
6.386409184487104596e-02 1.178321113171013394e+03
6.374160273581341851e-02 1.141119667004327312e+03
6.409205129567138726e-02 1.104567391737068419e+03
6.403611195312725046e-02 1.069025273489311985e+03
6.402205197098886913e-02 1.041628945157302269e+03
6.394218284565968136e-02 1.002558226149202483e+03
6.362802365403359695e-02 9.712800746145791209e+02
6.351376472704492460e-02 9.436330287756313737e+02
6.302366376568240003e-02 9.194546399654637980e+02
6.257451820090757788e-02 8.992466828545035469e+02
6.298878325211014484e-02 2.080321466609091203e+02
5.788699496243993742e-02 1.589235599273322066e+02
5.647445655980313367e-02 9.711705768035379549e+01
5.526927588645710876e-02 1.028651305721633094e+02
5.407776828406552633e-02 1.633186946555844941e+02
5.272741731059516629e-02 9.852383423799030027e+01
5.222331306990846134e-02 6.659122378826975819e+01
5.187345283547717401e-02 1.102250382120579815e+02
5.159215272228551141e-02 6.057026899497708428e+01
5.140946185088457465e-02 6.053834392539886977e+01
5.122676712997398935e-02 7.221758393234669882e+01
5.104412934740101132e-02 6.072495185923830974e+01
5.087555901140868725e-02 6.499970855409085857e+01
5.070679179764775446e-02 1.370092939945222952e+02
5.052524703797695027e-02 6.659688345565656675e+01
5.045458173771444343e-02 6.036460745474734324e+01
5.038360448083306631e-02 9.554803650124154046e+01
5.030887802922302809e-02 6.038364817847850219e+01
5.023836638005097638e-02 6.136353921801462974e+01
5.016373951890457095e-02 1.189467736749548834e+02
5.010548932570984410e-02 6.218223902858117214e+01
5.022402484058294952e-02 6.035245437663669321e+01
5.034234403567118543e-02 1.033077913722474790e+02
5.046222828877605648e-02 6.532937369094507574e+01
5.050253649282625268e-02 6.725197624405659269e+01
