1.015725747560365794e-01 1.308465446840366894e+03
1.039790201080435933e-01 1.344587769922760799e+03
1.047293423964587300e-01 1.323494707372459516e+03
1.048549498541721942e-01 1.326558811585944795e+03
1.049592335284196265e-01 1.338195245385089493e+03
1.060120835617548163e-01 1.368267073204979397e+03
1.062073025520660907e-01 1.390795168827461339e+03
1.058787600110799032e-01 1.398968922237739207e+03
1.019229577464792341e-01 1.383595982036217720e+03
1.000910630755420389e-01 1.371903513293542346e+03
9.831307217680575194e-02 1.367264919515877409e+03
9.621510706655160561e-02 1.354154508288288753e+03
9.445644506073098967e-02 1.348355997449470351e+03
9.268285120490170337e-02 1.343191342655889457e+03
9.086663112233429873e-02 1.342814842288817317e+03
8.893144297869891302e-02 1.347973848097825339e+03
8.687655990486389812e-02 1.351038576281073574e+03
8.454653819776106194e-02 1.358466245797393185e+03
8.266575783745350181e-02 1.362912761550313235e+03
8.068842915421341189e-02 1.362134180384636011e+03
7.877037965308490708e-02 1.368245590024524972e+03
7.686075683518564516e-02 1.381799500175999356e+03
7.495125902785852723e-02 1.400271853172263263e+03
7.266957427242194678e-02 1.426014800695920940e+03
7.075019165139345700e-02 1.434854439857710076e+03
6.901066085415885620e-02 1.450155008537888989e+03
6.726598408089072556e-02 1.470489718246933535e+03
6.569759080793417805e-02 1.488734176240836860e+03
6.461272087399735908e-02 1.505443815907914086e+03
6.331830955201649125e-02 1.509369459399296829e+03
6.198692706783129336e-02 1.519764648141114776e+03
6.062329674443010796e-02 1.531358994979788804e+03
5.913992907736815435e-02 1.548779008930787313e+03
5.768110139647465023e-02 1.570098037525944392e+03
5.643609392580348910e-02 1.593005773548844218e+03
5.517029846926935904e-02 1.618948477177149243e+03
5.490316625831797442e-02 1.594224460288813361e+03
5.481163932307325098e-02 1.576130748077310045e+03
5.471992861595585678e-02 1.562785513507624501e+03
5.465545173186669298e-02 1.554924913612490855e+03
5.448071226772770170e-02 1.542621471142260134e+03
5.458141797472938067e-02 1.534888774574288391e+03
5.469472844514468302e-02 1.533781157279105855e+03
5.478534157146713185e-02 1.527321513265748990e+03
5.481638998918215988e-02 1.517538577555294523e+03
5.526612694272833859e-02 1.509238926089311690e+03
5.586628663185091298e-02 1.504495431794310889e+03
5.772611404037791133e-02 1.413336172385035070e+03
3.810166923375488124e-02 1.196417587040980834e+03
2.583224724380056223e-02 1.269589986127762842e+02
2.535185184357766075e-02 6.524404469225949299e+01
2.525403073550093816e-02 6.321068560055149277e+01
2.515553102323016266e-02 6.447634637505041155e+01
2.500604323660025538e-02 6.120393510379667390e+01
2.487273445616975526e-02 6.177229188516900393e+01
2.475831011112574268e-02 7.235891619016601339e+01
2.465164867188719688e-02 1.445175424663071055e+02
2.453650262687677788e-02 2.080922604070497641e+02
2.418429542344051331e-02 2.880429657509483263e+02
2.389730959259862147e-02 1.985208973301552930e+02
2.371663049468892073e-02 1.187436535814298679e+02
2.353314535724526993e-02 9.751983695101105809e+01
2.334419444564154317e-02 6.186234159441003300e+01
2.317307777148337744e-02 6.029977320772857041e+01
2.300194504884775504e-02 8.104227571395036023e+01
2.282924999382719353e-02 6.230406079954808973e+01
2.267356927486354617e-02 9.026497130029885341e+01
2.251843944017192095e-02 1.763767008377202785e+02
2.236250789395342539e-02 1.002361690376987724e+02
2.241967604468162595e-02 9.198517369109643482e+01
2.247700747570962471e-02 1.682295610851579681e+02
2.253441160553925487e-02 1.013981054395258212e+02
2.277153880682640519e-02 1.241943283740767185e+02
2.300955501780106022e-02 2.011260608268430587e+02
2.325348395888176406e-02 1.418288879816577719e+02
2.348683578866894023e-02 1.318543311210696345e+02
2.372430738069766440e-02 1.969335704481582354e+02
2.395654925866036455e-02 1.249398406742033387e+02
2.439486930470802575e-02 1.250405579558110247e+02
2.483141280055442546e-02 8.211235084584710364e+01
2.455810125019194587e-02 6.193155933661670076e+01
2.430170311250016979e-02 1.056239235185568219e+02
2.404991275106150087e-02 6.212382667611456100e+01
2.383273090592584117e-02 7.530739050040688198e+01
2.361553888935738130e-02 1.479965766415378425e+02
2.339700245061777928e-02 2.355486444185542041e+02
2.291830903642546810e-02 2.197890748528975848e+02
2.248908413634368580e-02 2.625161746887299046e+02
2.203396121775495070e-02 1.803463859332898664e+02
2.239078910747900608e-02 1.114430743199952616e+02
2.275440643811958361e-02 1.318339382560201329e+02
2.311789659192679466e-02 6.666942932304704073e+01
2.363991840912964271e-02 6.172635585205715358e+01
2.416201462106320683e-02 6.967571589221849138e+01
2.468362645699998317e-02 1.270620716302215243e+02
2.538836167535572091e-02 6.751703435807372955e+01
2.619562014453638218e-02 1.129964101084333805e+02
2.700257713106564081e-02 6.093409603905299576e+01
2.764048461619866143e-02 6.014441526775700453e+01
2.827905637640638903e-02 8.848152386820400750e+01
2.891761065530923727e-02 6.016259438211776711e+01
2.958290738051458368e-02 5.993379432919518734e+01
3.024822349675344857e-02 1.069217054179102746e+02
3.092902392430771710e-02 6.162555552371515688e+01
3.165624281443708138e-02 7.738168151704900311e+01
3.238408104303972662e-02 1.579058745963493777e+02
3.310371463646145235e-02 1.180078810055372571e+02
3.278805210877259319e-02 6.451209528663848403e+01
3.253669521948894527e-02 7.444809570129099541e+01
3.228536760696312791e-02 6.056301846451223270e+01
3.205357743171121515e-02 5.970412073625732319e+01
3.182178084133664708e-02 1.040394206854580119e+02
3.159015740935576522e-02 5.998324420943544055e+01
3.140307754361559844e-02 6.186265133294782714e+01
3.121597821943716128e-02 7.623431470018429934e+01
3.102856983572805163e-02 1.380277310286586783e+02
3.092177405777943311e-02 2.203096246083694041e+02
3.061623560228365556e-02 1.844223878750461267e+02
3.027301170468639502e-02 2.051249760624696421e+02
2.992435232930509489e-02 2.674505028928923025e+02
2.888776020948002551e-02 3.508331799705113099e+02
2.854033438146487758e-02 3.020493130351671311e+02
2.829737106946353387e-02 2.834139565263678833e+02
2.805388076291174745e-02 3.075522928945288754e+02
2.760089881592982936e-02 2.199515222813012656e+02
2.747833050684039130e-02 1.450621931847835242e+02
2.737452061561663694e-02 1.280132213220191488e+02
2.727064148520641843e-02 6.636240765745695569e+01
2.725389984426720286e-02 6.082271159665408788e+01
2.723710292692282584e-02 7.385502491825100435e+01
2.722012045788266971e-02 6.069387998671448514e+01
2.721988860992228393e-02 6.411730746023746974e+01
