4.515895490344660201e-01 2.721592582114806191e+03
4.530223791689018675e-01 2.723159267237645054e+03
4.544341160264092627e-01 2.713716546346405266e+03
4.544230542118051774e-01 2.709546823419946122e+03
4.547910212175165223e-01 2.707004197240480607e+03
4.550835835303078669e-01 2.707023127486146677e+03
4.553628218288027218e-01 2.708477281845430753e+03
4.557362579994537755e-01 2.712302573491509065e+03
4.562174664591922557e-01 2.718443578758118747e+03
4.567368784488942124e-01 2.727885905708157679e+03
4.573323896543886047e-01 2.739151410886975555e+03
4.572944843715819885e-01 2.744044006418702338e+03
4.584601989752096762e-01 2.744625264541100023e+03
4.600236651202548321e-01 2.741267093583803216e+03
4.624555466982314123e-01 2.733605176572440541e+03
4.671238240568807432e-01 2.719991516487039917e+03
4.698222689857948775e-01 2.714543311880550846e+03
4.933553419494158265e-01 2.708711191527781466e+03
4.956117944312279922e-01 2.692328871141415220e+03
5.004295121544546365e-01 2.675992103693986337e+03
5.031994148402885170e-01 2.666132671680493786e+03
5.061225761139177548e-01 2.660524305853963597e+03
5.105286200769106886e-01 2.647722476585400727e+03
5.131383293420923586e-01 2.638743972240882158e+03
5.155086751993310790e-01 2.633433141327345766e+03
5.175673012798227557e-01 2.629056393569838292e+03
5.196902036102584166e-01 2.625147758209933727e+03
5.217437997952478757e-01 2.624322050556390423e+03
5.239798102092840804e-01 2.625947162971771377e+03
5.262726910941945002e-01 2.630420046438403006e+03
5.286287225643778731e-01 2.637180886690767693e+03
5.310165465825446018e-01 2.642603510503259713e+03
5.327418949198479137e-01 2.644941230143995199e+03
5.349913326405477676e-01 2.648893033450762687e+03
5.372922438652522059e-01 2.654464690549221359e+03
5.391469976056281199e-01 2.658532257031260542e+03
5.408708341408542397e-01 2.664789311041662586e+03
5.417411780209763217e-01 2.659284785002174431e+03
5.423379873806497553e-01 2.656752607699927012e+03
5.425648275825156741e-01 2.654637678253558079e+03
5.416207612399048799e-01 2.669496038117250009e+03
5.434129753886813852e-01 2.599687428529041426e+03
5.504288867498577931e-01 2.524131426221771108e+03
6.544264691398341549e-01 1.974450666200476689e+03
6.668853215327732453e-01 1.891006896468964442e+03
6.719790336289149790e-01 1.858621347514349054e+03
6.769565797287317999e-01 1.852114944139064619e+03
6.783494516026966625e-01 1.840503898028904359e+03
6.805360671007868456e-01 1.817410274095326713e+03
6.818662955993123331e-01 1.799306208224235888e+03
6.828643296642766813e-01 1.785314676387974032e+03
6.837548292269114425e-01 1.773128448326785474e+03
6.845848630852342520e-01 1.765140977000130533e+03
6.855441232398260532e-01 1.752476352152623349e+03
6.873721898083670068e-01 1.734442679957571045e+03
6.890895122880975610e-01 1.722960548108617331e+03
6.907699305677872381e-01 1.710999997586784502e+03
6.921998626821774803e-01 1.702697293769899943e+03
6.942225605331125982e-01 1.692694397375495100e+03
6.961831539027160121e-01 1.687575809779819338e+03
6.980852828546845190e-01 1.688091302262308773e+03
7.001132863448245036e-01 1.689450883326464918e+03
7.039783314551050220e-01 1.667024301209621626e+03
7.049168077566886348e-01 1.657429242200380486e+03
7.055339216286182769e-01 1.651506420199385047e+03
7.057809828575242195e-01 1.650243692701212694e+03
7.056051792912915177e-01 1.648855098535859725e+03
7.048710549462793296e-01 1.652240161380785139e+03
6.301554355943775887e-01 1.568553785805657071e+03
6.937241053085034803e-01 4.867832306156699360e+02
6.941905023778769390e-01 4.956425330210109905e+02
6.962176179798543751e-01 3.577240318352404529e+02
7.002703602334714450e-01 2.697854455448926387e+02
7.670256086243401050e-01 1.635985632611507867e+02
7.719076454917652708e-01 1.348635405002156915e+02
7.733370794173862750e-01 1.431901516825989233e+02
7.737039432591368282e-01 9.760518883187026518e+01
7.727679977397932110e-01 6.968041184820924627e+01
7.728611772475347808e-01 7.362688096777152680e+01
7.724962152830829876e-01 6.811587327076389897e+01
7.727031808325167672e-01 7.383321855255877608e+01
7.733638070267798703e-01 1.302756634860199938e+02
7.737682986941608609e-01 7.584784261400284322e+01
7.748018112524296397e-01 6.993918785670285843e+01
7.765734191877878834e-01 8.511134041082290480e+01
7.780078979920366233e-01 6.663647180172650053e+01
7.799922611440526232e-01 9.850523572858372745e+01
7.822237909119892363e-01 9.327795509759152992e+01
7.845791847254613982e-01 7.349125593743161744e+01
7.871859829366740779e-01 1.294400616071306445e+02
7.898316763257771100e-01 1.433865013993842865e+02
7.921724062134367639e-01 1.096496881167025776e+02
7.952908957950975966e-01 7.786186013713329146e+01
7.981887448306237420e-01 1.314061377246191569e+02
8.012267568334121570e-01 1.802076649082573852e+02
8.039082571009651401e-01 9.719590856151361891e+01
8.070174929754724280e-01 6.913803494798041527e+01
8.113334251013789578e-01 7.272726854758197135e+01
8.168009025937581491e-01 8.266450008896731561e+01
8.229363718264012251e-01 6.382449282990506134e+01
8.290369570620537143e-01 8.711224909943821615e+01
8.349657643446689592e-01 9.915818904281259449e+01
8.403250644036921457e-01 6.522286709344200517e+01
8.460601944740994140e-01 7.918055977516323196e+01
8.526060697960479162e-01 6.062315945156897357e+01
8.590439714655307979e-01 7.315194840695502876e+01
8.651455214527401516e-01 6.250157749686236741e+01
8.708858477258202280e-01 6.672082564658313686e+01
8.771804557307321115e-01 6.363680176645030429e+01
8.832330201848525020e-01 7.753614430885150455e+01
8.887862204509312525e-01 6.067592707445299283e+01
8.944968892874586297e-01 6.473231073213356979e+01
9.002544815660074029e-01 6.176606471696440792e+01
9.058029335768545964e-01 6.475950778743104763e+01
9.110127703056114523e-01 7.063147109426297732e+01
9.154889889899205935e-01 6.239192265679630367e+01
9.201530800945282307e-01 6.211088851506923447e+01
9.245639446642297532e-01 1.138215002524557207e+02
9.283039522017935141e-01 6.757701145924926323e+01
9.331503905930865761e-01 6.445840008398009502e+01
9.380976176551306667e-01 1.136085083909813989e+02
9.422318923046004713e-01 1.228313648424670816e+02
9.456112034044106274e-01 1.906179183813090106e+02
9.480840013589594273e-01 1.607642056074039942e+02
9.512513103809823178e-01 2.021538963803969580e+02
9.530568410591671036e-01 1.789200882835567654e+02
9.553465785883797912e-01 2.140967756487585518e+02
9.595229543167546060e-01 1.399847573578794879e+02
9.631045295624978131e-01 8.292489108622733340e+01
9.657288238594406993e-01 7.335180685135998147e+01
9.684624785007749370e-01 6.730167789992390226e+01
9.704109107257661293e-01 6.739266926194051166e+01
9.715759148260845190e-01 6.856960567958346076e+01
9.719215611708568181e-01 7.226672866537185769e+01
9.714007120662554451e-01 1.258738190964534169e+02
9.696653739312026676e-01 8.030080250890023308e+01
9.657703025418321596e-01 1.081351736420566851e+02
9.649314967979492064e-01 7.420958696085655504e+01
