2.196801188605509159e-01 1.251237566143815684e+03
2.196806448927963173e-01 1.255257667200694641e+03
2.197994559606935017e-01 1.264776545842632459e+03
2.200895158655554740e-01 1.276316108748002762e+03
2.202483159574027682e-01 1.289685567238623889e+03
2.205487629320916909e-01 1.308463891689189722e+03
2.208575019921608373e-01 1.331053324544256839e+03
2.211574678888729162e-01 1.354387414462006745e+03
2.211106728271650113e-01 1.378728286946149865e+03
2.211968041700873022e-01 1.397608049825852959e+03
2.210381257129329369e-01 1.421114307144657460e+03
2.207735169667316422e-01 1.439704659348498581e+03
2.203333979429790701e-01 1.463777986747780687e+03
2.197001354865192602e-01 1.491822096976567991e+03
2.185632297889924247e-01 1.513138281703706980e+03
2.178047384016879306e-01 1.534618658010819900e+03
2.171485198175476528e-01 1.561319180379949103e+03
2.165289193568177284e-01 1.581195787143217331e+03
2.163675862696688434e-01 1.600659183599835387e+03
2.163247148203039094e-01 1.624933782000529163e+03
2.162682288096818839e-01 1.654859194455183570e+03
2.162212350199071154e-01 1.691054494556252394e+03
2.161988965415155006e-01 1.726448526368097419e+03
2.151976566866893592e-01 1.727487560761932627e+03
2.141602305662261563e-01 1.734159859327564163e+03
2.132616722369518047e-01 1.734764570922209941e+03
2.125331731021050108e-01 1.740484468981583632e+03
2.118178966125856266e-01 1.750083574838672121e+03
2.111372183752383280e-01 1.762819423619213467e+03
2.104593070769799901e-01 1.780194617752415979e+03
2.097724309512107865e-01 1.803058190798408532e+03
2.090428836952993585e-01 1.829901219039938496e+03
2.081810623752816392e-01 1.860435144563338099e+03
2.069824490632087011e-01 1.890204481360142381e+03
2.058244831035364875e-01 1.923663173513862603e+03
2.053486577481198616e-01 1.951785879014586953e+03
2.045455906126038559e-01 1.987200120556043203e+03
2.028359062669819191e-01 2.022534785828392614e+03
1.997833690173140275e-01 2.052919783415189613e+03
1.988655281651028062e-01 2.075717494759648616e+03
1.983224327166927259e-01 2.098119207678492330e+03
1.969524079500564739e-01 2.122987321962160422e+03
1.971093983418674700e-01 2.118772713569743701e+03
1.972393587710116192e-01 2.118804624860832973e+03
