2.438115011355833084e-01 1.713357918855108437e+03
2.439095252257333923e-01 1.711263711983967369e+03
2.440142550722493864e-01 1.713640686029208609e+03
2.442599741218604570e-01 1.710223331617314898e+03
2.446867524066594080e-01 1.710916418786503527e+03
2.451386838783624622e-01 1.716168892642171159e+03
2.455086882414778404e-01 1.724006809855879055e+03
2.456852352112784132e-01 1.715804338080602975e+03
2.462063439201171433e-01 1.712020484788859903e+03
2.467329560668084232e-01 1.714270253030870435e+03
2.472689425823871023e-01 1.716078323495494942e+03
2.476685630107890168e-01 1.719877544412397583e+03
2.480682675374872581e-01 1.728762676481273274e+03
2.484520118871845484e-01 1.743355410291894486e+03
2.488060148085196321e-01 1.751020451169687476e+03
2.489023617696409230e-01 1.761680984119179129e+03
2.491848501135779659e-01 1.769254736734040762e+03
2.489475117326472031e-01 1.773469840557944281e+03
2.484304929592636713e-01 1.781837935809238161e+03
2.477751994159761162e-01 1.795387164299271717e+03
2.471762827079527491e-01 1.812368338167865204e+03
2.460145676743240584e-01 1.838746804062020601e+03
2.438563405248208027e-01 1.923090599951460263e+03
2.424581528510204864e-01 1.800842942644736922e+03
2.422793088296532893e-01 1.762904579177199139e+03
2.420544201818364827e-01 1.727813286944450510e+03
2.417823951565324647e-01 1.698103090451927756e+03
2.414503117388898390e-01 1.671066800875731587e+03
2.394026137180793323e-01 1.616807454320326315e+03
2.397570361824478968e-01 1.580085521566117677e+03
2.399041847987070097e-01 1.547630157251721130e+03
2.399810639476906426e-01 1.516846184621116208e+03
2.402248115597534761e-01 1.490918482491192435e+03
2.404673097537209370e-01 1.471259284336857036e+03
2.407072793906478714e-01 1.457886814710248700e+03
2.409788860201082794e-01 1.451398225391704727e+03
2.412583276614614358e-01 1.450330666145003534e+03
2.417704625745302482e-01 1.442198912833826626e+03
2.424657794487029006e-01 1.438263451657741598e+03
2.430211376148306013e-01 1.436111891340523016e+03
2.433281176391120793e-01 1.434156741443703822e+03
2.433625688533098963e-01 1.436521498516176734e+03
2.444133570477693973e-01 1.436526527326138194e+03
3.300141099442690518e-01 7.575067276962506639e+02
3.256365575539643120e-01 7.625548921011674111e+02
4.135605258994858313e-01 3.678706764555630571e+02
4.574961468649393903e-01 1.562620474227629188e+02
4.606405118635127915e-01 1.537384177629817259e+02
4.643889123577603639e-01 9.279230553004354931e+01
4.651581813664396603e-01 6.966121023465240114e+01
4.652844560583910827e-01 6.422202190287862322e+01
4.652022784835913027e-01 6.613002413998515294e+01
4.650295253783839344e-01 6.151947873220348129e+01
4.650114183182595951e-01 7.040623309299461141e+01
4.649537275349777676e-01 6.235863208690954451e+01
4.650895599964490756e-01 9.552837979363110321e+01
4.652317156360390449e-01 6.929375985309840758e+01
4.649479176846976203e-01 6.307475186645652343e+01
4.643861370084692575e-01 6.137647070256762305e+01
4.637091972742974355e-01 6.105250389340679362e+01
4.630141289586072184e-01 6.090787013155281215e+01
4.623242193077543583e-01 7.665109462679183139e+01
4.615214508593698528e-01 6.180633137632522534e+01
4.609207649937315798e-01 6.157242630749019696e+01
4.602810891665962134e-01 6.645061034604047734e+01
4.595036575269088042e-01 6.081199974567353905e+01
4.586961414333886045e-01 6.104823637574489936e+01
4.579064804141000367e-01 6.048654212694326304e+01
4.570970592753882955e-01 7.402653999005778473e+01
4.562109551182817468e-01 6.376199444830026408e+01
4.556054288638536898e-01 6.310692177051984686e+01
4.550115536880427469e-01 6.662025662215549460e+01
4.542707312829080135e-01 6.195567474837157107e+01
4.536726214886833697e-01 6.047300288206938745e+01
4.530762052527506634e-01 7.070885985720646261e+01
4.525143629492572317e-01 6.017090233972872682e+01
4.519693109396789588e-01 9.336571297885204501e+01
4.515381857556368117e-01 6.867475553746747607e+01
4.506523177324964213e-01 6.387688119724063540e+01
4.500792266246610440e-01 7.884834430913107894e+01
4.494488205210731002e-01 7.515948135101434957e+01
4.492236003672787081e-01 6.253557717092427737e+01
4.489537710431231732e-01 6.268023309103627128e+01
4.488015343617062780e-01 6.111183878475543452e+01
4.486335933354603789e-01 6.352376995586884334e+01
4.485099892962579049e-01 6.126509852304239701e+01
4.484136396919615741e-01 6.074539012112701641e+01
4.483249384796204606e-01 6.712257497825403618e+01
4.482448646983907548e-01 6.603880354445865919e+01
