2.859603493246592465e-01 2.375804105837370571e+03
2.862951925205264314e-01 2.371251986012562611e+03
2.862476223980346401e-01 2.372300097157231448e+03
2.861056265424805067e-01 2.374322796710842795e+03
2.858607411432729783e-01 2.380242679946214139e+03
2.857021594754460825e-01 2.389615779917701275e+03
2.853289440584984571e-01 2.404512770846771218e+03
2.852028063951616565e-01 2.411954510255527111e+03
2.852805714759430455e-01 2.422980424520441829e+03
2.853618287096453265e-01 2.437014778450438826e+03
2.849930463994828078e-01 2.443851957211264107e+03
2.849047627961977525e-01 2.453464869474026273e+03
2.848175044792111144e-01 2.464327502743146397e+03
2.846882651303559442e-01 2.467550771930959399e+03
2.842780413496309722e-01 2.480321855437334762e+03
2.842269820436879590e-01 2.490247314676375936e+03
2.809458191223780377e-01 2.596272360015623235e+03
2.811379557814591701e-01 2.579180611139422126e+03
2.961643673215735295e-01 2.273909279055885690e+03
2.616167460454121296e-01 1.792399797039895020e+03
2.624924795714054793e-01 1.634147998134564659e+03
2.629905649356902297e-01 1.569119546526389740e+03
2.634604331188570847e-01 1.546640340155370950e+03
2.642950841012308150e-01 1.536858123994844163e+03
2.648513627963010042e-01 1.525336770246185097e+03
2.651777550849337972e-01 1.517283111575816292e+03
2.660928889823681587e-01 1.495331073659256617e+03
2.671879053710884411e-01 1.478159279402592801e+03
2.682825039859753624e-01 1.466948756210536430e+03
2.693155454568398888e-01 1.461860011875530063e+03
2.706144824495408385e-01 1.462359294626603287e+03
2.717158223187385313e-01 1.461729193453212929e+03
2.725969772590917106e-01 1.465529012897754001e+03
2.737251572772544383e-01 1.455806586456799096e+03
2.747100201039799350e-01 1.452541649873948245e+03
2.759007081520696847e-01 1.451619851198379138e+03
2.770409408606115953e-01 1.456984487598190071e+03
2.780020607367287844e-01 1.462962456478371905e+03
2.783389944573785302e-01 1.459189823460700154e+03
2.790964626430879614e-01 1.459683336742812571e+03
2.798712187867736234e-01 1.465905670840975745e+03
2.807163785146392088e-01 1.477841956559831715e+03
2.813987707737008459e-01 1.474080055131964173e+03
2.808752391060818643e-01 1.457722826339922221e+03
2.804809971548959391e-01 1.443225629325834007e+03
2.800068474749099479e-01 1.432710832985781963e+03
2.795453532417260245e-01 1.429278942110762500e+03
2.790596242719747822e-01 1.432182968126346850e+03
2.786010945368668223e-01 1.440816551608415239e+03
2.780169173542931249e-01 1.450756521146207433e+03
2.770392397382370753e-01 1.459979570844070395e+03
2.759720188184810463e-01 1.475614237249050120e+03
2.749728002391052528e-01 1.497200380076262263e+03
2.739783236368943387e-01 1.523559387128341996e+03
2.728186745623831233e-01 1.551379039141412477e+03
2.718828234484609307e-01 1.580214298524170545e+03
2.707611150792935129e-01 1.614296140182998442e+03
2.680131453240477968e-01 1.661786147228118125e+03
2.666299712156703361e-01 1.682063720505522951e+03
2.658152879885687936e-01 1.705296108046819654e+03
2.650059182128409740e-01 1.733796544206593126e+03
2.641311079784046112e-01 1.756422700528141377e+03
2.642520080119218906e-01 1.767219020437696372e+03
2.645367954095275143e-01 1.779993610618983212e+03
2.646813523855890971e-01 1.797371766186551895e+03
2.648223009271077899e-01 1.820009293712593944e+03
2.649596637938506638e-01 1.847412427452698921e+03
2.650610181632371276e-01 1.879466436583497625e+03
2.650302027537368432e-01 1.911771151177591719e+03
2.645841307863268099e-01 1.953480903250046140e+03
2.580307226669677489e-01 2.127187727799650474e+03
2.603923550371241014e-01 2.089703702926586175e+03
2.609319437365274497e-01 2.086560788107182361e+03
2.681167242615647983e-01 1.987005272712880469e+03
2.688382519211391930e-01 1.975613685352398534e+03
2.706585840466214643e-01 1.959527840412240266e+03
2.713353719023783861e-01 1.954559017935658630e+03
2.721451046371569649e-01 1.955247822855379354e+03
2.729187445953345503e-01 1.960858160993145702e+03
2.736826641353755640e-01 1.971737258016856913e+03
2.745127613268442124e-01 1.997513616876409287e+03
2.753095270711758968e-01 2.015203608110349933e+03
2.758778302427781770e-01 2.035841217544084202e+03
2.757054812957516754e-01 2.060079737735334220e+03
2.752357464069222215e-01 2.103713205904781262e+03
2.756535918107039795e-01 2.118529102070849149e+03
2.765517473178132901e-01 2.135862148939451799e+03
2.773447166207307912e-01 2.142568811083846867e+03
2.779497690754396677e-01 2.153215533976632742e+03
2.783192926818388591e-01 2.171914311104163971e+03
2.770491238124733746e-01 2.237957386906818556e+03
2.872557010103029551e-01 1.699990607257372403e+03
1.864108294573628699e-01 5.098746181999811711e+02
1.791181548376429011e-01 3.869534694700171258e+02
1.784708352056484371e-01 3.957300819402141769e+02
1.781539943446557861e-01 4.082973009640508053e+02
1.782915650852312517e-01 3.593577419323935942e+02
1.782043013975457002e-01 3.335797650318628484e+02
1.798518389462424039e-01 2.503550883298452447e+02
1.792477686484290900e-01 1.670951623608753493e+02
1.778549687145558611e-01 9.375232731775781758e+01
1.770351266752342168e-01 6.616601108060682179e+01
1.761645754119344209e-01 6.145530384633380550e+01
1.753089262643238999e-01 6.115767814143421077e+01
1.744603157695409079e-01 6.086047405594477766e+01
1.736200108375813567e-01 6.112568531902618929e+01
1.727968965813388713e-01 6.247494369758377530e+01
1.719606323174320550e-01 6.927958384352525911e+01
1.709648503621733484e-01 6.899414529396270268e+01
1.702646460016809249e-01 9.019244171882510841e+01
1.693234929853627835e-01 1.063908204099051460e+02
1.688286884294712131e-01 6.303210175642998081e+01
1.683966765455903736e-01 7.274287884174064800e+01
1.680497266926630484e-01 6.458796689725222961e+01
1.679523187480632951e-01 6.052752843195508348e+01
1.678590918271435917e-01 7.252206013825183106e+01
1.677767832847528173e-01 6.737321837664185864e+01
1.679840642979852361e-01 6.337032844914756424e+01
1.680959541302337323e-01 6.452982238453766684e+01
1.683473244506062949e-01 7.368790383550309286e+01
1.685039125484845135e-01 6.126460032884484974e+01
1.685378960214050093e-01 6.143617343949141230e+01
1.685291050856419504e-01 6.378339071949280026e+01
1.686004788168805058e-01 6.207044291125842506e+01
1.685907108659032705e-01 6.289761505446671919e+01
1.686638251366731900e-01 6.066008706635908254e+01
1.687135645871380707e-01 6.196529408014976070e+01
1.687413981836823063e-01 6.229480802532217609e+01
1.687613556409537086e-01 6.936298040205547011e+01
