2.536089557491630897e-01 1.560935535259179460e+03
2.509313880248414952e-01 1.551408976213112055e+03
2.464814047989158374e-01 1.557040985172445062e+03
2.426531692869619006e-01 1.568826052913955436e+03
2.397808641835562360e-01 1.577083967762716611e+03
2.373685947382376260e-01 1.578139919401056204e+03
2.352073488748319396e-01 1.584299597967595673e+03
2.329926886095805005e-01 1.592036364362498716e+03
2.311084927335411987e-01 1.599978209363184533e+03
2.290251292643639136e-01 1.610316057678825473e+03
2.272347256612840538e-01 1.616114393152205139e+03
2.258884583502369925e-01 1.621358174549026216e+03
2.246460885073903735e-01 1.629326163966380136e+03
2.232091653916032370e-01 1.636325608694106677e+03
2.218799490561337573e-01 1.641038201702536753e+03
2.209657631024229130e-01 1.645375442566149331e+03
2.200702516987671498e-01 1.653808142256912561e+03
2.191414341606696126e-01 1.666616428037326159e+03
2.184438200799801721e-01 1.678591881702896217e+03
2.179903287404479362e-01 1.691561952550081287e+03
2.174481531914628507e-01 1.708973778111230786e+03
2.167856524333889034e-01 1.730587208269410667e+03
2.162767749787165572e-01 1.746001717032476563e+03
2.163227526052140248e-01 1.760972378046788208e+03
2.163424534841141555e-01 1.779226455568926895e+03
2.163476753584802625e-01 1.802611990166657961e+03
2.163505546903088661e-01 1.828622777717414692e+03
2.162471992494740536e-01 1.849884189545640993e+03
2.159475909238244007e-01 1.875498498493512443e+03
2.154848230486403893e-01 1.904175973059644775e+03
2.153392895842019816e-01 1.932158407195722702e+03
2.152161089651626336e-01 1.950911267711909431e+03
2.152598113092387688e-01 1.953092565593061181e+03
2.156574089943556483e-01 1.959309096031254740e+03
2.160561968646983189e-01 1.970711699172903081e+03
2.164591677011646620e-01 1.978514024916979679e+03
2.162394934789348966e-01 1.983470595696890541e+03
2.158202557453460790e-01 1.992728864285062627e+03
2.151588688564401997e-01 2.000707098189343014e+03
2.148264731391725524e-01 2.004297398219320712e+03
2.142911837677490272e-01 2.008900450301329556e+03
2.134478095271752640e-01 2.015256287259062674e+03
2.126320484687032886e-01 2.026116699684778496e+03
2.118728819716461376e-01 2.039984848582733548e+03
2.109065328454696187e-01 2.044966408401567605e+03
2.093004786281399687e-01 2.049382588367932840e+03
2.077812254540792047e-01 2.058550000433960577e+03
2.063028417617468746e-01 2.069695005489057621e+03
2.051169315307415919e-01 2.071328932768678897e+03
2.040265249123807134e-01 2.077199611757267576e+03
2.029628667297495859e-01 2.087706765633745363e+03
2.019563484513128837e-01 2.098129058354249082e+03
2.009182639395207248e-01 2.112545398850538731e+03
2.000951155879897858e-01 2.116853316511642788e+03
1.994942180182128211e-01 2.125338000822760478e+03
1.988939427953433370e-01 2.138194914385056109e+03
1.984245825243264871e-01 2.136665582359135897e+03
1.980059292691833395e-01 2.139233567288784798e+03
1.976654069677990511e-01 2.145683345004317289e+03
1.974322505050250254e-01 2.153607048952948844e+03
1.970734921594605449e-01 2.163988282229679953e+03
1.967119693767930277e-01 2.178918956131210052e+03
1.963572659576677815e-01 2.196425603672759735e+03
1.956418973225713676e-01 2.208925196860462620e+03
1.949015669159620823e-01 2.225752438101271764e+03
1.940854174624076500e-01 2.234286722549452406e+03
1.927508882053471650e-01 2.244474889079364857e+03
1.916354877999344730e-01 2.242304256272069324e+03
1.904968326914220633e-01 2.244463731037675643e+03
1.894395096103596576e-01 2.247393818291927346e+03
1.885256883211652856e-01 2.253879347623261310e+03
1.875909870383327127e-01 2.264572934445338888e+03
1.866063337640273823e-01 2.278822696810351772e+03
1.856886847564080956e-01 2.296743183960016722e+03
1.847677503786198661e-01 2.316520963211784874e+03
1.840632415246648279e-01 2.332625944735735175e+03
1.832473758676716746e-01 2.351096580535714111e+03
1.822436900428267559e-01 2.373254413594594098e+03
1.810752070400915015e-01 2.400271324085289962e+03
1.801178521576392022e-01 2.427500652167207591e+03
1.787997908720836970e-01 2.453659889515812210e+03
1.766097602338336514e-01 2.489368419616302162e+03
1.694736998701732444e-01 2.570858293981857514e+03
1.685561350213596876e-01 2.577014929524791114e+03
1.683751414338978403e-01 2.586592858760512172e+03
1.680225774150171936e-01 2.584181419053734771e+03
1.677632773557922730e-01 2.585893727279631548e+03
1.675346223720490524e-01 2.584979741601398018e+03
1.671287485906928216e-01 2.586150119783734681e+03
1.669868863733113273e-01 2.588365214528962497e+03
1.668126818624302010e-01 2.593585354866397211e+03
1.665819321694968214e-01 2.601206815062182613e+03
1.661630229276274129e-01 2.606492807129096491e+03
1.660023967078407825e-01 2.617377584265662790e+03
1.639625178801420724e-01 2.567788783359199442e+03
1.636412495797508748e-01 2.553454759436065160e+03
1.649398185527723715e-01 2.515478956121752617e+03
2.567696448661955788e-01 1.380889362160115752e+03
2.573016931709007915e-01 1.379358208297133842e+03
2.754024536154633940e-01 1.235674465216415683e+03
2.846614192509208108e-01 4.083381812471765784e+02
3.176717903750365668e-01 1.177955773342546451e+02
3.194427679852597235e-01 7.416587019710226514e+01
3.211071414572256311e-01 6.215312129090442284e+01
3.227505565028506718e-01 6.719011596196027369e+01
3.243497478506582876e-01 8.211540034462376525e+01
3.256476899009410619e-01 7.966670446642157799e+01
3.264447504656978749e-01 1.092963321787239437e+02
3.267853350769865939e-01 1.200162052151281102e+02
3.265400908434886729e-01 7.114711878911212750e+01
3.263080629212224970e-01 6.615255294511032957e+01
3.258143042252893418e-01 7.176949617691198569e+01
3.255058174255482384e-01 1.261785473522912326e+02
3.251020776507214660e-01 1.435513605339819208e+02
3.248759234435344423e-01 2.134552783888117347e+02
3.247034539610921255e-01 1.933026718209648038e+02
3.241906897723238479e-01 1.628972279251368604e+02
3.238935449803334032e-01 1.215678673606524427e+02
3.233427536614330022e-01 1.067256963698335710e+02
3.228986890653799957e-01 7.643036177102634099e+01
3.226086908553650323e-01 1.379108113148202506e+02
3.223227869068567286e-01 7.074216844202746302e+01
3.223510622605091913e-01 6.116558902359363969e+01
3.222993943109293546e-01 9.011564563695442587e+01
3.220699012144727647e-01 6.195717168200948066e+01
3.219776361496947126e-01 9.538819569099335638e+01
3.217462788668723483e-01 7.445156027771504625e+01
3.221437018236063543e-01 6.467029841649626576e+01
3.224327826192223134e-01 6.736313576407013670e+01
3.224964081316890052e-01 6.126006737809099434e+01
3.226873920691677999e-01 1.075642588836396953e+02
3.228808945610182057e-01 6.584445040594714271e+01
3.225238010628245777e-01 6.176190146403676096e+01
3.223129631214544100e-01 6.273585920183393938e+01
3.221374122138296325e-01 6.303499141382859250e+01
3.218736912061155309e-01 7.798397528165882875e+01
3.218664523241718256e-01 6.222907010298302311e+01
3.217091939227231245e-01 6.096871515763115212e+01
3.215815573798568305e-01 6.094393589202042705e+01
3.214687460082534254e-01 6.113953628115871908e+01
3.213628803312442717e-01 6.769761840101188000e+01
3.213238552112068769e-01 6.898190684677962281e+01
3.214760135211423564e-01 9.874248146121134084e+01
