2.303933071248218944e-01 1.611843646645047784e+03
2.299238208913050585e-01 1.619399743299947659e+03
2.299238673614847073e-01 1.627013215515938100e+03
2.308655419081173388e-01 1.632597740964860577e+03
2.327778424226099041e-01 1.631801733794423399e+03
2.343457055580975001e-01 1.632709141713513191e+03
2.348404528699345184e-01 1.620914775533043439e+03
2.349325366713840846e-01 1.612726785690772886e+03
2.351245097339661472e-01 1.610210576979957978e+03
2.354224621681986485e-01 1.597431619595025268e+03
2.349941295848151090e-01 1.581487875990814700e+03
2.345007757361989853e-01 1.571625772432146505e+03
2.340189582093969989e-01 1.568160289622023583e+03
2.335949922989234429e-01 1.548801501308180150e+03
2.333446553682061442e-01 1.529827757724462799e+03
2.331733049256663193e-01 1.516845817630031661e+03
2.329832103256920250e-01 1.507095652557954509e+03
2.330507295717614280e-01 1.497047544158462642e+03
2.331238750312933650e-01 1.489272043278828505e+03
2.331590183918940684e-01 1.488198614037101379e+03
2.330693989128349575e-01 1.486718261610040145e+03
2.325737318735387749e-01 1.485086209118595207e+03
2.320703093832453545e-01 1.490145841683417530e+03
2.314043406332511044e-01 1.489684419567179930e+03
2.304985977488072657e-01 1.494209286726604887e+03
2.296440600620427708e-01 1.505305923725506091e+03
2.287750225630914014e-01 1.518343747445983354e+03
2.281650955710401163e-01 1.529812510633916872e+03
2.276699972559211027e-01 1.547067995381780293e+03
2.271456122289042256e-01 1.562604915187975166e+03
2.262803616853573396e-01 1.579837175599504235e+03
2.258422358549134479e-01 1.586721938366144286e+03
2.260711698387353474e-01 1.591350245586500250e+03
2.261709087643559712e-01 1.598444424057537162e+03
2.261919237165021801e-01 1.607250584844393188e+03
2.269775567446027376e-01 1.606550260068093166e+03
2.061027895320299563e-01 1.179782203092550390e+03
1.971521531899423640e-01 4.687304465826929345e+02
1.976118842820037969e-01 4.703307973937550628e+02
1.933141355910003578e-01 2.506161992056314602e+02
1.953579387133366763e-01 2.016139632794545378e+02
1.966071346128794584e-01 1.879548003700484458e+02
1.976824347179456098e-01 2.199191239764185468e+02
1.985730828631453726e-01 2.456325567019699463e+02
1.992023820134002920e-01 2.894248240466009747e+02
1.999906293925724776e-01 3.226569452543841408e+02
2.003876372176999487e-01 3.401609873309636214e+02
2.003754580418314057e-01 3.662295183849960267e+02
1.999199235045642231e-01 3.828558272599210568e+02
1.983860979282997539e-01 3.570163971757966124e+02
1.966971502163180063e-01 3.567632599576994608e+02
1.954062603431047096e-01 3.569568204593036853e+02
1.945515316906497594e-01 2.929458404965836849e+02
1.931942773951822456e-01 2.394158253831216712e+02
1.919478710764654372e-01 2.275041585666108404e+02
1.905875105968974637e-01 2.090337176492830054e+02
1.891509893281538290e-01 2.380339262825434616e+02
1.878486719224290447e-01 1.707893070016890817e+02
1.867501709836741353e-01 1.319656500252725948e+02
1.856322930115936187e-01 1.736832198307444912e+02
1.845346121096082259e-01 1.042221544783667895e+02
1.831595343231126050e-01 1.104023377709290088e+02
1.819089789694113002e-01 1.810012105250850993e+02
1.806062655459467203e-01 1.588091308995066981e+02
1.786054322619168022e-01 1.481699663643748579e+02
1.769422329149658857e-01 1.807404369753590174e+02
1.751839561418794822e-01 1.833757765253234311e+02
1.729686414184069265e-01 1.630255193127698305e+02
1.714976600393774975e-01 8.501915209421535735e+01
1.701444801304802801e-01 7.317523199954247559e+01
1.686556492803540641e-01 6.327581870664787544e+01
1.673669833362333437e-01 6.468941627406344708e+01
1.660004086733358197e-01 7.363528734495072570e+01
1.644427105965211022e-01 1.208719776186355261e+02
1.630760875355072859e-01 1.842198304966879050e+02
1.620025667600071551e-01 1.363235052339953199e+02
1.607074743930560767e-01 1.743750130526050270e+02
1.596193062990174105e-01 1.170405720193304404e+02
1.594004019994293975e-01 6.712382175668668083e+01
1.591177543981559528e-01 9.238042392719384566e+01
1.589468685990884922e-01 7.381549216305508310e+01
1.592692299641152720e-01 9.494226457822699672e+01
1.596402801373747460e-01 8.617957212626255625e+01
1.594429249748264554e-01 6.718447103684627564e+01
1.595320993798284293e-01 6.138527041844181298e+01
1.595737825153470679e-01 6.219864194634188692e+01
1.596425751943313931e-01 1.204114403846820665e+02
1.596414753470286607e-01 6.623661849948445024e+01
1.600884576411007731e-01 9.100195382254581489e+01
1.605654786807200751e-01 6.653122083947198462e+01
1.607608503905080533e-01 1.044893709928102794e+02
