2.417360724481046053e-01 3.047568306570043660e+03
2.420157862907407753e-01 3.056808086760262086e+03
2.420815819546726366e-01 3.054751586242816302e+03
2.423096089920665497e-01 3.055685501089175887e+03
2.425685747422944849e-01 3.059788450198375813e+03
2.434779639729505174e-01 3.043629065356853516e+03
2.372684127052375469e-01 2.990043238585558811e+03
2.368652116338032243e-01 2.956694926030065290e+03
2.367302868130186089e-01 2.933521499579204828e+03
2.367135611731278622e-01 2.913131271039252624e+03
2.367645940789655234e-01 2.896841798420185569e+03
2.368192107550783354e-01 2.876175086160001229e+03
2.372853740541976675e-01 2.855076079043637037e+03
2.372735552136767678e-01 2.830205758167461227e+03
2.374294450954224089e-01 2.807607179845629616e+03
2.375845701343594074e-01 2.788415079233199776e+03
2.378171309221628893e-01 2.771513170654551686e+03
2.379252535144808223e-01 2.755182844308035328e+03
2.376479062406849641e-01 2.738857941491692145e+03
2.370887978495322124e-01 2.720984835107733034e+03
2.368955111534061242e-01 2.702072819637666271e+03
2.365119374278974451e-01 2.685409407175277011e+03
2.365890054521264663e-01 2.665088028694280183e+03
2.365044542163358687e-01 2.645712928311340420e+03
2.359899258799696975e-01 2.625635700703220209e+03
2.356717013270304140e-01 2.608612584605634311e+03
2.353457037531714868e-01 2.594685998281907359e+03
2.348655400037413521e-01 2.580596518512236344e+03
2.338875199831648988e-01 2.565285943385809333e+03
2.326459459170722999e-01 2.552531889910125756e+03
2.313019719343631653e-01 2.543965823869231372e+03
2.300828733514041491e-01 2.536070064553406610e+03
2.277937594757439010e-01 2.539627868048230539e+03
2.248587557479338750e-01 2.563038066029784659e+03
2.212394001920381936e-01 2.412231692561071213e+03
2.351459063464184929e-01 2.312473894875226961e+03
2.352482467329035376e-01 2.285020548793097078e+03
2.352700408164584422e-01 2.259306564542989690e+03
2.351299200692286706e-01 2.237294683954577067e+03
2.349064548372161165e-01 2.219423417769638945e+03
2.347006970329447162e-01 2.205386253947693604e+03
2.344622353161359696e-01 2.196000937844692999e+03
2.341791405047036478e-01 2.190490494005678102e+03
2.269823136544261988e-01 2.205348333506217841e+03
2.267380128693466668e-01 2.205127662447899183e+03
2.222285429987468364e-01 2.220478044106983816e+03
2.220221576526798524e-01 2.226589809668319958e+03
2.204294988730172988e-01 2.242812699070372673e+03
2.204941732377999897e-01 2.248743246321600054e+03
2.201529126116801849e-01 2.255489374817236239e+03
2.201707841403178212e-01 2.263776285205970908e+03
2.200156744920642449e-01 2.273933962912052721e+03
2.201626252793420502e-01 2.285342769879965999e+03
2.200063917033369953e-01 2.292328723771595378e+03
2.196720888993267673e-01 2.301896770919700884e+03
2.194196923668042809e-01 2.315256042316950243e+03
2.191566389439746076e-01 2.327480451563799761e+03
2.185232504601472281e-01 2.338031589512777373e+03
2.184868876895800227e-01 2.338543899503011744e+03
2.192994876974640739e-01 2.336332907225072177e+03
2.197352728975895952e-01 2.337231805012009772e+03
2.202932458701319374e-01 2.343950897816111592e+03
2.827451538148174626e-01 2.177428203863292765e+03
8.316017395508742416e-01 4.164203994531093258e+02
8.432855194897597162e-01 3.672914962595044699e+02
8.376179997641383101e-01 3.736821161421942747e+02
8.238407500337077138e-01 4.056032160886058477e+02
8.203099612560018628e-01 4.236196877269348988e+02
8.188839407254296932e-01 4.062783375812308009e+02
8.171417359149888426e-01 4.119406252105029580e+02
8.159187536678916830e-01 4.246695508189535531e+02
8.149004489210877056e-01 4.354628142495782299e+02
8.140964477345475903e-01 4.584903226205849478e+02
8.131608433059851482e-01 4.965137923958643569e+02
8.123486841764032684e-01 4.532874818936313090e+02
8.104955222189486053e-01 4.182730138403531441e+02
8.352966885103118022e-01 1.863017799344164871e+02
8.368938351238124351e-01 1.236949459646893814e+02
8.383119843556637862e-01 7.922996888389444337e+01
8.396722685343744885e-01 6.319743208367545861e+01
8.408938541798456345e-01 6.424908605020142716e+01
8.419341296936841967e-01 7.102142287913520136e+01
8.427348346225135289e-01 6.300609727267357130e+01
8.433899906364300536e-01 6.240565042986154509e+01
8.443401010354849578e-01 1.080405998530277998e+02
8.450026130837342553e-01 6.902799686657243683e+01
8.464611608096472839e-01 6.508264708634449391e+01
8.481907597859532633e-01 6.340301081554836315e+01
8.498298503163889128e-01 6.621064342018537729e+01
8.512317445336807786e-01 6.350977020182840960e+01
8.522582759403020125e-01 6.354780696405206442e+01
8.529304213565747084e-01 6.478998818743141896e+01
8.531992938663747195e-01 6.115243473269018892e+01
8.532574539634207866e-01 6.118312807966346156e+01
8.531320108540689784e-01 6.159848797056993419e+01
8.527365609127202095e-01 6.135796115676757978e+01
8.521800797117053961e-01 6.056062674295691295e+01
8.514747134427571584e-01 9.536550887096882434e+01
8.512988605938731634e-01 7.053391672621525288e+01
8.513740236380349380e-01 6.144763471685832457e+01
8.514290948939410297e-01 6.271165611297698206e+01
8.513752798094731400e-01 6.876102788914573694e+01
8.510350824576675688e-01 6.563028786257946479e+01
