7.980765470260919869e-02 1.447439472558457510e+03
7.991712560051897341e-02 1.453712801647839569e+03
8.036058693262003449e-02 1.431055741014004980e+03
7.950691015675705187e-02 1.411529064048483860e+03
7.858730073797061400e-02 1.398086700571990605e+03
7.780098584714549570e-02 1.379977610868282000e+03
7.736178495433468361e-02 1.358793578452767861e+03
7.699477803376066076e-02 1.343414051918719906e+03
7.642679864138032797e-02 1.323891126710898789e+03
7.616233155774622399e-02 1.308610218507852323e+03
7.597324285302134439e-02 1.297557675132017266e+03
7.587987957078422274e-02 1.280648156581469721e+03
7.581105648892688675e-02 1.271515544044683793e+03
7.575269928394151586e-02 1.267342279756060179e+03
7.583346122066787764e-02 1.266958158500992113e+03
7.585191299259398667e-02 1.274154708772049844e+03
7.585652206886682458e-02 1.289178615589760966e+03
7.591675374031739421e-02 1.306462045443307034e+03
7.615215009878209540e-02 1.332055181837976534e+03
7.617677653203087929e-02 1.353471735285017530e+03
7.446429545079957801e-02 1.310634087358015449e+03
7.355108383328999577e-02 1.271426695932002531e+03
7.256125455143393188e-02 1.234336611465568694e+03
7.137137531301704363e-02 1.201874715378664632e+03
6.708304187468175361e-02 1.146377156954022666e+03
6.545869504924468896e-02 1.114457816414498666e+03
6.393953114000928972e-02 1.090576355141829936e+03
6.243137640385945653e-02 1.075814717847077645e+03
6.092555413503391443e-02 1.070147619247524744e+03
5.939134991037214872e-02 1.071454856898961680e+03
5.784584091170402731e-02 1.084021103424190414e+03
5.633161487602941081e-02 1.086397199574640581e+03
5.478263503053679845e-02 1.095741194390509236e+03
5.322208071866787321e-02 1.110002674670850411e+03
5.153485952065177400e-02 1.131148073795876826e+03
4.968523157951765246e-02 1.152823645962608907e+03
4.826324122991604987e-02 1.173160917757857078e+03
4.751903058894429988e-02 1.176116871344196397e+03
4.642801391603575828e-02 1.178104298645365589e+03
4.557156448316120739e-02 1.156774801020502082e+03
4.508583878347249135e-02 1.141673253137522806e+03
4.460667833216600681e-02 1.135040035754743258e+03
4.427861846677465935e-02 1.089732884583602072e+03
4.393701584338062516e-02 1.051634145558898126e+03
4.357832478042952123e-02 1.019795565035590471e+03
4.311582276424581750e-02 9.927328058497994334e+02
4.266510898666397988e-02 9.755710063545828916e+02
4.221416695198634828e-02 9.690013743615720614e+02
4.175899196548823328e-02 9.728557752300126822e+02
4.125809006412564650e-02 9.560181496495897591e+02
4.095010883344103736e-02 9.145275049333471316e+02
4.064950436603716882e-02 8.823443352206946884e+02
4.033960572763005403e-02 8.592764849559488312e+02
3.991635314635749027e-02 8.415076215457656872e+02
3.943703904367523716e-02 8.350680490581531785e+02
3.888277628183051116e-02 8.072131799598766975e+02
3.798322566308334758e-02 7.857161293020568564e+02
3.727114823898146356e-02 7.680102172666485103e+02
3.656564617699588349e-02 7.465797498030668748e+02
3.610358593376938180e-02 7.253792996234451493e+02
3.533696824270144560e-02 6.993437971634613177e+02
3.419696021435441463e-02 6.785237710235551276e+02
3.315743803006361567e-02 6.727568865181702904e+02
2.926274171122107692e-02 5.592985639448662596e+02
2.828363185186122397e-02 4.908737704450355750e+02
2.773589062181505346e-02 4.271404022885899963e+02
1.256307804942750732e-02 2.997039487710754315e+02
1.241007739490712636e-02 2.294112106047573150e+02
1.230036833841735740e-02 1.471039387619290721e+02
1.231993337174585625e-02 1.052111404825208325e+02
1.240537410342071323e-02 8.298131426795166021e+01
1.232908021507440714e-02 6.179115810088413241e+01
1.225985400809916775e-02 6.338724273798295172e+01
1.219101356135338966e-02 1.289120841795794945e+02
1.212804606908797662e-02 6.550347280981100084e+01
1.212942691851558522e-02 6.539467880653799625e+01
