5.139385986298925513e-01 2.918200307066501409e+03
5.147910753670474904e-01 2.914980155661497520e+03
5.156350767622880360e-01 2.917238830054387108e+03
5.160033206813376960e-01 2.914403499860810825e+03
5.162708042908050743e-01 2.915190400610714732e+03
5.165351345581914444e-01 2.917644506353866745e+03
5.167311876268223525e-01 2.922622473053248086e+03
5.167940091131220104e-01 2.930338823694773055e+03
5.168929003872093642e-01 2.941229874617260066e+03
5.171038344560625610e-01 2.953159122206535358e+03
5.175011475681139395e-01 2.966494978472248476e+03
5.179538165598415178e-01 2.982151439075469170e+03
5.189316266483551265e-01 3.000749990358235209e+03
5.193340902503170708e-01 3.007760024639498624e+03
5.202475758095584935e-01 3.016178251445222941e+03
5.212605158342743517e-01 3.022820904393912770e+03
5.221227083723474216e-01 3.024027786683509021e+03
5.223940988713499101e-01 3.025309857390644993e+03
5.237798004655895845e-01 3.020563055492814783e+03
5.251502946766011259e-01 3.019036267148588649e+03
5.264405471213177146e-01 3.020338013412798773e+03
5.277059659542736592e-01 3.024959176056283013e+03
5.289229115334586062e-01 3.032683857760923274e+03
5.299379497223369873e-01 3.037503016891650532e+03
5.309693326579673078e-01 3.046018645958714387e+03
5.328535144883641550e-01 3.036147641099004886e+03
5.331043424604184899e-01 3.013932585937362546e+03
5.332549823027956659e-01 2.994926528470990888e+03
5.340346532008699576e-01 2.976671281012366762e+03
5.348687306395600860e-01 2.958967370363814098e+03
5.355255523180809663e-01 2.939944349791867808e+03
5.364255971554516833e-01 2.923585817053353367e+03
5.372193506726035128e-01 2.908612907964577062e+03
5.381277957176776594e-01 2.894030263910684425e+03
5.389455259739339699e-01 2.880903409892607215e+03
5.396697814221952383e-01 2.868421823313183268e+03
5.405722649183579698e-01 2.857704052710758788e+03
5.415680513354350634e-01 2.848983444527106712e+03
5.424592418489040391e-01 2.842679408210809925e+03
5.432844935518655882e-01 2.838839305382884049e+03
5.443390171258858379e-01 2.828846589796684839e+03
5.456986066868789731e-01 2.821338786461892596e+03
5.470809656886420624e-01 2.817076380099753351e+03
5.485588247206162338e-01 2.811838770223431311e+03
5.495925743900754723e-01 2.805910127846597334e+03
5.517356031085429713e-01 2.789137876429908374e+03
5.532659247199865904e-01 2.776371843476148570e+03
5.546045171557302256e-01 2.700934804467723097e+03
5.224816680808528346e-01 2.171730270434150043e+03
5.220633485587684586e-01 2.147831753470843068e+03
5.205867457349206973e-01 2.131508633215271402e+03
5.197074767390867933e-01 2.119264031659540706e+03
5.192093267763893127e-01 2.111760981734913912e+03
5.189736660297638027e-01 2.105439726311089998e+03
5.188458541309683980e-01 2.100044641174147273e+03
5.185661626901889587e-01 2.099485871147441230e+03
5.180752754676937188e-01 2.103641589918081991e+03
5.165261726440690815e-01 2.122343901375912083e+03
4.006429873000033615e-01 1.196379912008014799e+03
3.848268587865766865e-01 9.790528161023997882e+02
3.824584947348917408e-01 9.430219413771595782e+02
3.827370281611985336e-01 9.428494467266932588e+02
3.834291190783607473e-01 9.561309211327625235e+02
3.843362569241122184e-01 9.765440983203146743e+02
3.851600343696401363e-01 9.664504396285234407e+02
3.853661243895705746e-01 9.583543155686526234e+02
3.858393118775681474e-01 9.451213633551648172e+02
3.859701272626351876e-01 9.338772123011649455e+02
3.860092717069391610e-01 9.267690739297139544e+02
3.863732778089696285e-01 9.209795375636687140e+02
3.863254144448496907e-01 8.872043788114725658e+02
3.888516436373658514e-01 8.220732572735499843e+02
3.896125426451239049e-01 7.721885552892338183e+02
3.904976514658471953e-01 7.316052538179781095e+02
3.927888496159062104e-01 6.784421808392281719e+02
3.930491120593023191e-01 6.265981929744740455e+02
3.927330120184009399e-01 5.753086494974191965e+02
3.916986460802048819e-01 5.200658383502079687e+02
3.904387524741935733e-01 4.728169460903780532e+02
3.290256095647237089e-01 3.252764710099295371e+02
3.272605856435578109e-01 2.627535174871067056e+02
3.263271168424473068e-01 2.334188622523632830e+02
3.253965100791950116e-01 2.370330375622188512e+02
3.245364935356007674e-01 1.884996927386746677e+02
3.228814768529705281e-01 1.254177052155404795e+02
3.221500440865243675e-01 7.726824215585652667e+01
3.213825698391038488e-01 7.433237453721505972e+01
3.203729402115416680e-01 7.487733295821165314e+01
3.193944144542651409e-01 1.217885107819423354e+02
3.182210002649731861e-01 1.651595414964438078e+02
3.167019676523550875e-01 1.660607846410191542e+02
3.147442657035308122e-01 2.230669042883005204e+02
3.133752326427807211e-01 1.673466623553988200e+02
3.118596008172555556e-01 1.697051381113774653e+02
3.108096116358479710e-01 9.944116287244611385e+01
3.104107542047071511e-01 6.533161777159564565e+01
3.100061735718414035e-01 6.402210190651004496e+01
3.095801368222718120e-01 6.081972091015372683e+01
3.091618102713055150e-01 6.120032016265913910e+01
3.087586380213588333e-01 6.410890471773249999e+01
3.083822605402714578e-01 6.094498538209170135e+01
3.080554119032061222e-01 6.299004460853689835e+01
3.077132422218044616e-01 6.310193385123719167e+01
3.074816851120840133e-01 6.072589783789515394e+01
3.072440416521239337e-01 6.203640091200442441e+01
3.070198337985278747e-01 6.151468773077244379e+01
3.068339849862082303e-01 6.078230317668603533e+01
3.066408515584242434e-01 6.065369948368663700e+01
3.064479534899559043e-01 6.092846014477093064e+01
3.062481179528875885e-01 6.200721825593495140e+01
3.060556880204782781e-01 6.067724671287959382e+01
3.058634424860409151e-01 6.241738736459450365e+01
3.056570389723360370e-01 6.149494161337467801e+01
3.055124292457171431e-01 6.050691968475564408e+01
3.053647713533438890e-01 6.278746497737086685e+01
3.052150281529238951e-01 6.122712843496357493e+01
3.050130262502331879e-01 6.120994142343881350e+01
3.048153821523285067e-01 6.209511025767326231e+01
3.045819598705463149e-01 6.118478063387442489e+01
3.043829452540504632e-01 6.068802680181710230e+01
3.041738099047581745e-01 6.130301186387626444e+01
3.039828257753589003e-01 6.088019732091829184e+01
3.037993978993204225e-01 6.331753657679178104e+01
3.035758964910073021e-01 6.566246591358637374e+01
3.034340965360338704e-01 6.041168512822786596e+01
3.032679059008384082e-01 6.844916241448645167e+01
3.031842690013840103e-01 6.270347037335798746e+01
3.031133767510221788e-01 6.088380764119737165e+01
3.029966544583047039e-01 6.309281467420858291e+01
3.029547905448604639e-01 6.094820637880358305e+01
3.029192055741874445e-01 6.217960267750557080e+01
3.028709754002733567e-01 6.520341349692805011e+01
