5.201431414005333043e-01 2.491072492013924148e+03
5.200136702651910747e-01 2.492468530433694468e+03
5.200683600933301287e-01 2.497140064334912495e+03
5.209418819145316126e-01 2.489756892923280247e+03
5.207996437516640986e-01 2.484398165916868493e+03
5.205451661245330541e-01 2.482592034210143538e+03
5.197844566492836327e-01 2.476213638225882733e+03
5.191470983166356357e-01 2.461916235656812660e+03
5.181517094679998214e-01 2.450435359022714692e+03
5.161798996509011639e-01 2.432822481353897274e+03
5.153198595598551535e-01 2.414191486928179074e+03
5.145231868817339294e-01 2.399730590835369640e+03
5.136907040099902844e-01 2.386457102345904786e+03
5.129097785547258592e-01 2.377279819641613358e+03
5.120967759010441878e-01 2.370103181962088001e+03
5.111610158363596446e-01 2.362591416585145453e+03
5.103062295900854251e-01 2.358839577128524070e+03
5.094878989515495560e-01 2.357805840598658051e+03
5.087366629261785844e-01 2.360687529357479434e+03
5.079769080657724478e-01 2.366178171658594692e+03
5.072532273639285272e-01 2.375822514545819104e+03
5.065764458892296762e-01 2.385231252936865531e+03
5.055688157397318916e-01 2.395462566077339034e+03
5.047180817106827755e-01 2.405851121151884399e+03
5.039201950138767483e-01 2.418115644615890233e+03
5.030436169448605499e-01 2.429192875515579544e+03
5.028655770698403638e-01 2.434915184837448578e+03
5.026174447571252202e-01 2.432957619850236824e+03
5.027775514057398754e-01 2.433510997637143646e+03
5.030656953543077847e-01 2.429725925251848821e+03
5.035459743519840048e-01 2.429427932506351681e+03
5.041278026023641168e-01 2.428721891099421555e+03
5.048630448474082932e-01 2.431546841604570091e+03
5.056102745036994417e-01 2.438373695287268674e+03
5.063594948857691458e-01 2.449250805928112641e+03
5.071613413238125201e-01 2.464436219787632581e+03
5.079508892852321322e-01 2.487246759624823426e+03
5.082372298438879721e-01 2.491762985663054224e+03
5.075898892523934558e-01 2.494897392612147542e+03
5.077331063285467350e-01 2.493063775268163681e+03
4.594249098763042438e-01 2.056319332609815774e+03
4.611245799671233048e-01 2.028403110579313079e+03
4.614131834312509284e-01 2.030581900319954457e+03
3.590990464667318527e-01 7.865317755038146288e+02
3.518340121419529232e-01 7.044781183400406235e+02
3.525147693550653716e-01 6.999820702435847579e+02
3.511059782351098058e-01 6.382594663639545161e+02
3.519773086680922924e-01 5.948480422246448143e+02
3.536275674076212461e-01 5.783231304276473566e+02
3.550538924370501004e-01 5.501974382150094698e+02
3.564570670220675863e-01 5.404634402122546817e+02
3.581020138408815834e-01 5.283185424583367649e+02
3.591741710595149351e-01 4.622572271700712463e+02
3.592876015715945615e-01 3.976039770708179049e+02
3.591528863548866801e-01 3.220480459850390389e+02
3.578094967496459056e-01 2.380339860619461945e+02
3.569887143002023477e-01 1.644685429300515978e+02
3.556402917184931511e-01 9.086490780439584114e+01
3.545613396544092244e-01 7.696753136677079965e+01
3.538643622105503428e-01 7.054875674224511783e+01
3.533622410588425078e-01 6.169919402746086234e+01
3.529656599186650201e-01 6.320124450619858436e+01
3.525399306760831353e-01 6.342826744545619988e+01
3.521734579252194797e-01 6.383445965043104309e+01
3.517850219412829715e-01 1.084393953734662404e+02
3.515270977614978198e-01 8.115348555921404738e+01
3.505895465975037983e-01 6.763797984953789921e+01
3.501586548749012762e-01 6.282600781416661562e+01
3.497808944239641504e-01 6.149722320300559630e+01
3.494474824573761684e-01 6.091535480132028368e+01
3.490944800296787442e-01 8.259482036139566219e+01
3.486704925870712235e-01 6.088441039468789029e+01
3.482674084490424704e-01 6.672474016194291835e+01
3.479883283782628234e-01 1.136522713734147203e+02
3.478361085823512000e-01 7.717867907868249233e+01
3.482472102560320026e-01 1.047604035061471990e+02
3.486267001207865590e-01 6.287367661385966500e+01
3.491867799604493894e-01 7.178185362984960705e+01
3.498100977365258268e-01 1.376012769961432127e+02
3.503468694045060450e-01 1.284816751220231197e+02
3.501844161211793427e-01 1.480382715004719785e+02
3.504810338296309169e-01 1.286767160745873753e+02
3.504323874511526826e-01 8.615800508769410726e+01
3.497694335852368774e-01 8.724315479734906376e+01
3.495179841732439785e-01 1.293520621729683739e+02
3.492328409972200176e-01 1.479482442078186182e+02
3.490998721707960772e-01 1.323316672762542794e+02
3.487108629072923627e-01 7.976454496216128121e+01
3.479810628100704073e-01 1.175518896491040266e+02
3.469019512463083488e-01 1.265381269538611804e+02
3.452692039664713719e-01 6.624731230471145693e+01
3.435877796016947872e-01 6.112009672865715970e+01
3.419623277623136670e-01 7.269148705745571704e+01
3.402195653324290303e-01 6.085809938671000907e+01
3.384143063542963126e-01 6.492796217612030318e+01
3.367432332487030888e-01 8.188138586795859908e+01
3.352478045156298547e-01 6.102119942177976242e+01
3.336204982866396995e-01 7.902080661232028547e+01
3.322215486245668759e-01 7.548072467048557144e+01
3.311828513067507918e-01 6.402631987752592124e+01
3.303273770302395107e-01 6.722582108412538560e+01
3.293991370746446878e-01 1.014522038850684424e+02
3.287441706739310798e-01 6.063050718475916767e+01
3.280457443369698134e-01 6.545402042057042991e+01
3.272371308600297568e-01 6.922926508184427519e+01
3.265416101369713053e-01 6.299332531237185862e+01
3.257808227856608951e-01 6.530536549888087450e+01
3.252059518934182769e-01 6.433395723958355461e+01
3.247492171874479250e-01 6.071578615444351357e+01
3.242657318439322589e-01 6.095414335110678650e+01
3.238046874405857145e-01 6.058643753256197328e+01
3.233415451245411076e-01 6.126444010114574468e+01
3.228686900911380553e-01 6.434868736030838932e+01
3.223205329316612411e-01 6.217373529768106266e+01
3.216686289243342323e-01 6.132507696106068806e+01
3.210964039477262610e-01 6.218672426237495898e+01
3.205357099224961925e-01 6.084252224177079427e+01
3.199423470166715688e-01 6.568012996382570634e+01
3.193849690979219669e-01 6.125050538334022576e+01
3.189130414308529726e-01 6.235821627925632527e+01
3.184193105543626223e-01 6.200879330709190640e+01
3.178730629087934689e-01 6.172362753540244995e+01
3.172663700680775634e-01 6.821739730532532064e+01
3.165273759812868848e-01 1.193312150241175544e+02
3.160118717660800325e-01 7.745460437800674924e+01
3.147384780172501895e-01 7.608304243820329305e+01
3.139945952525334816e-01 6.114464599623364194e+01
3.132972270644337476e-01 6.055176079158469093e+01
3.126014917562793261e-01 6.992388707805172032e+01
3.118752258293757684e-01 6.992452089883992983e+01
3.113444144519948442e-01 6.090180365404954443e+01
3.107673602607425312e-01 6.972677637578269128e+01
3.102836525463447126e-01 9.518412536671200996e+01
3.100379821435753636e-01 6.070532373819627026e+01
3.098404996282626556e-01 7.425699363687645871e+01
3.097557449512666206e-01 6.323982405817026375e+01
3.098826202494093240e-01 7.091974135169073179e+01
3.099086038568604762e-01 6.378521574640384273e+01
3.100619740634641408e-01 6.344521336707379788e+01
3.102106840807209442e-01 6.903358966996972867e+01
3.101657025834350656e-01 6.633579882537311789e+01
3.099503062797309694e-01 9.509406599332797327e+01
