6.239264232876340355e-01 3.591303426139596922e+03
6.247297770491551105e-01 3.591981885662971763e+03
6.248038740940782265e-01 3.591933225913461229e+03
6.239764026447736089e-01 3.588646890713553603e+03
4.006647496094810634e-01 3.201372909236670694e+03
3.993215083314272107e-01 3.163402758650521719e+03
3.980602373110993519e-01 3.133777574229930906e+03
3.973075743059459874e-01 3.118814345177757787e+03
3.964181350430255324e-01 3.108001514678414424e+03
3.938631915540813933e-01 3.093060212993269033e+03
3.926819690139149999e-01 3.084513554326398207e+03
3.914801397813040817e-01 3.077698078345140857e+03
3.904668703600164825e-01 3.074512811270813927e+03
3.895367229675286147e-01 3.075007548420489002e+03
3.886003307424173991e-01 3.073940591398641573e+03
3.876741626555249010e-01 3.075473639187517165e+03
3.866384503265683503e-01 3.077755005195582271e+03
3.854147761485655077e-01 3.082335654767700817e+03
3.842121177448532543e-01 3.090092973408897706e+03
3.829544773970093852e-01 3.100527850465638039e+03
3.813912366130554066e-01 3.109532683090058981e+03
3.802995290904617187e-01 3.117039901642435325e+03
3.794711274327237094e-01 3.113747484482272739e+03
3.794012898179136561e-01 3.110479717541698392e+03
3.792896052270144924e-01 3.110504276994693555e+03
3.792130733480150173e-01 3.112950732349917416e+03
3.791340586506115606e-01 3.113852814813131317e+03
3.789087250939864870e-01 3.119605003965429205e+03
3.786616254045129248e-01 3.128557694276095845e+03
3.783497229648393745e-01 3.142408755141198981e+03
3.780767432375140014e-01 3.153441161133324840e+03
3.776150356657359541e-01 3.164784367350428056e+03
3.769199631650769211e-01 3.177644067954923230e+03
3.757613023434629440e-01 3.189572352986325313e+03
3.742192301855300496e-01 3.203519170146160377e+03
3.719305447147893129e-01 3.220934588249688659e+03
3.706617307743516054e-01 3.233812899105411816e+03
3.699806184086056882e-01 3.242251293845060445e+03
3.699691258715062658e-01 3.248503035406125946e+03
3.700301698952954133e-01 3.251300307404518207e+03
3.706328937447476712e-01 3.253676592963173334e+03
3.709293321330848769e-01 3.254199800528223932e+03
3.711592002202325769e-01 3.256685837017380436e+03
3.713390605557910784e-01 3.262131733573013662e+03
3.714912094192596714e-01 3.264640528152903244e+03
3.704836227839201634e-01 3.257990812198882850e+03
3.700981504792495991e-01 3.253189022388455214e+03
3.697701343517965644e-01 3.251321969218485265e+03
3.694352914845017155e-01 3.250497129651064370e+03
3.689996415050659229e-01 3.247351095959755185e+03
3.687658142472051703e-01 3.247205909970718039e+03
3.683573380919294427e-01 3.252495635855392266e+03
3.681735480754676493e-01 3.253755072166517039e+03
5.746538640617580018e-01 8.146849207626006546e+02
5.927789116805792791e-01 4.009359491172285175e+02
5.901737399034580056e-01 3.504350857582472258e+02
5.868595754972525391e-01 3.522753193756605015e+02
5.846824077801856534e-01 2.817294083217914817e+02
5.825936440136920691e-01 1.950463815945455508e+02
5.814561954198744775e-01 1.111716637199905762e+02
5.803230613976325669e-01 7.165545702015667473e+01
5.795045206145208461e-01 6.316362670987367522e+01
5.786544566896274500e-01 6.680253669979973097e+01
5.776592808301865833e-01 6.115801650162813274e+01
5.766218665362707885e-01 7.186493005710742921e+01
5.753231637721812897e-01 6.567636922138963484e+01
5.739206480685884459e-01 1.087471682970497966e+02
5.727573577512211633e-01 6.061680907316191735e+01
5.716642044511472953e-01 6.133812331955520136e+01
5.706089244609470201e-01 7.924687671564296920e+01
5.694352185439275349e-01 6.329533418393025102e+01
5.679731784106302195e-01 6.064663246598803426e+01
5.664379642825432271e-01 6.904784235540009263e+01
5.646155136754132942e-01 6.169982474006707207e+01
5.629808474906041749e-01 6.178314137477959633e+01
5.612700220720221456e-01 6.227199613525410626e+01
5.594516681308993045e-01 6.040927662512559948e+01
5.576364151562198668e-01 7.737330721339479567e+01
5.556495217786991958e-01 6.038656002495485353e+01
5.536120263744641612e-01 6.137886258798015859e+01
5.514723498002349622e-01 6.113873594597849603e+01
5.492504903124235671e-01 6.160841890096022411e+01
5.470275438100632437e-01 6.033095271984549868e+01
5.447865478888130886e-01 6.971530036451848389e+01
5.426128218607987330e-01 6.245319351662092799e+01
5.405846185471453458e-01 6.480617193014910526e+01
5.385563702605691283e-01 6.289419727826682305e+01
5.366708461380548245e-01 6.297428735763090657e+01
5.347568719405275672e-01 6.108286094823989743e+01
5.327847906592476646e-01 6.057669743167582510e+01
5.308234994046484578e-01 6.449732141743596969e+01
5.289212535827484407e-01 6.367082044076720848e+01
5.270704637953950167e-01 6.182971485335129103e+01
5.252870278467410836e-01 6.203071409627914079e+01
5.235151772567671058e-01 6.266781836127776018e+01
5.218177873695123425e-01 6.064546394997817913e+01
5.201238865637953790e-01 6.140213342938208996e+01
5.184294232410009418e-01 6.063466397388048534e+01
5.167405795207007380e-01 6.060128945208132478e+01
5.150546271555925815e-01 6.180238245409022113e+01
5.133649895527677698e-01 6.498862879478960508e+01
5.117568900120882391e-01 6.208357440394975413e+01
5.102048203707290064e-01 6.110098721808777356e+01
5.086879105753626673e-01 6.100941815785866851e+01
5.071661404716985011e-01 6.080423948123625166e+01
5.056344363316693791e-01 6.930646220596571538e+01
5.041853102833979694e-01 6.059274153020905374e+01
5.028038046938460015e-01 6.727586809517541155e+01
5.014570681420245091e-01 6.162459741003456770e+01
5.002048247079120546e-01 6.105964517228206034e+01
4.989335220533718251e-01 6.232761727067607183e+01
4.976428535476485338e-01 6.131743568266444555e+01
4.963990033609987917e-01 6.089105525633840443e+01
4.951510637020563044e-01 6.056156896840050052e+01
4.938870719434921841e-01 6.982648817164380262e+01
4.925621731940835191e-01 6.343544924440987387e+01
4.914643693366707033e-01 6.095827496041857074e+01
4.903637137939553803e-01 6.007378946769274108e+01
4.892537080400641281e-01 1.077234883158302523e+02
4.881592234182358658e-01 6.498558944344436838e+01
4.875533998849397310e-01 7.766632105153344412e+01
4.868099992222826855e-01 6.317146849547991394e+01
4.863474487072343977e-01 6.074330671454580965e+01
4.858857954099318754e-01 6.299758395945420375e+01
4.854467181369342410e-01 6.174849271688412955e+01
4.850130306961586979e-01 6.145403165268083967e+01
4.846335699087799820e-01 6.619952618404740008e+01
4.842976735069751126e-01 6.829301005671376856e+01
4.841767563430124932e-01 6.570160978765052562e+01
4.839117849444645736e-01 6.159436573701975703e+01
4.836688176580397069e-01 6.286552421174893368e+01
4.833223100380807935e-01 6.193331300171439580e+01
4.830676320896389875e-01 6.060784152283580539e+01
4.828093401063285328e-01 6.156260343859945294e+01
4.825778453210824992e-01 6.057836823102044832e+01
4.823455418699416075e-01 6.086342297862034911e+01
4.821223441754971528e-01 6.096848909829270724e+01
4.818889746021646214e-01 6.157796979542688831e+01
4.816622629700303415e-01 6.484086125139270962e+01
4.814050426306458741e-01 6.112982884589273880e+01
4.812214526891331889e-01 6.419624416937992351e+01
4.810534422886532102e-01 6.491832336424990046e+01
4.809491053255156578e-01 1.091852122122656965e+02
