2.631322915238004101e-01 2.113585669000527105e+03
2.652572271425308048e-01 2.124865509339233540e+03
2.660257765819573628e-01 2.111118393972608374e+03
2.666952592102340702e-01 2.103454159313822402e+03
2.673910961603934711e-01 2.093590823678376182e+03
2.679514103924869883e-01 2.079828212249001353e+03
2.679495867004785259e-01 2.068789672008869729e+03
2.682372137183709482e-01 2.058543005534932490e+03
2.685329433047070613e-01 2.052405570937797165e+03
2.687716389869909128e-01 2.050444958173316991e+03
2.691253223279468920e-01 2.051432692856970334e+03
2.695274027542073902e-01 2.055532468926855017e+03
2.698122093228798590e-01 2.063073557539784360e+03
2.701476835756003725e-01 2.075289619178540306e+03
2.704797984208712203e-01 2.085309919641149918e+03
2.706748648256557255e-01 2.098553022737951324e+03
2.709025516670195977e-01 2.113793502409181201e+03
2.711817615740929610e-01 2.133405596222081385e+03
2.714438968784983475e-01 2.146822158667425811e+03
2.715716212380846484e-01 2.164402510571806488e+03
2.715685669387972734e-01 2.182322259206654962e+03
2.714335617852676186e-01 2.194244834336554050e+03
2.706433677207861765e-01 2.202627767655894331e+03
2.692622771271283577e-01 2.211759369912067086e+03
2.682786316030599250e-01 2.222749878137642099e+03
2.674694161047774799e-01 2.231931784363544921e+03
2.664621428576768314e-01 2.244041369428443431e+03
2.651611516929400225e-01 2.256451709396302704e+03
2.637294780038316189e-01 2.272590084458891852e+03
2.623500109476524234e-01 2.290180144760256098e+03
2.610165519981392235e-01 2.304888203792529566e+03
2.594456792584443061e-01 2.322227806980715741e+03
2.573824110303664647e-01 2.333508128512274197e+03
2.503217280204525497e-01 2.344165638058250352e+03
2.482271436443500567e-01 2.350741687158590139e+03
2.464566560008650820e-01 2.355436833747789478e+03
2.442763855136465823e-01 2.358526354725099736e+03
2.426659423898212542e-01 2.358948600705577519e+03
2.413613850466651556e-01 2.359645129418317538e+03
2.400231032086250216e-01 2.364600897293086291e+03
2.388972522573636625e-01 2.351504561702349292e+03
2.381910903413257674e-01 2.341692064103447137e+03
2.374634698777320641e-01 2.336080441903380233e+03
2.367702102464403213e-01 2.334088697218518519e+03
2.361400164228417420e-01 2.335324506453823233e+03
2.354798925179888147e-01 2.340811096031823126e+03
2.349841496440829292e-01 2.342905583806370487e+03
2.342668952527583726e-01 2.348957974458593071e+03
2.335185648414691562e-01 2.358630842091488830e+03
2.324123015686382077e-01 2.375419897609871896e+03
2.296952364648185418e-01 2.418983556590043918e+03
2.282059299505844463e-01 2.410394473716315588e+03
2.290102261754767277e-01 2.398061721858515284e+03
2.409425729035040986e-01 1.226422708668235146e+03
3.197208172096840939e-01 1.543827198477560216e+02
3.218699997564352655e-01 1.613165836874034653e+02
3.237304431751391598e-01 1.216990823311775500e+02
3.249408235525086397e-01 7.233500874838554751e+01
3.261702406191185344e-01 1.105799124632840744e+02
3.271758777357690051e-01 6.772208978706352411e+01
3.287807497152580583e-01 6.448192614724830207e+01
3.303822092545619649e-01 1.147362913573883105e+02
3.318805666195101534e-01 9.437968771816285596e+01
3.330770451376524055e-01 1.568294988851427547e+02
3.345139411746472224e-01 1.990167851488253632e+02
3.356962973491789404e-01 2.495705590517228813e+02
3.371938949392042084e-01 2.943861205920180737e+02
3.383716399656604423e-01 3.036628765506805507e+02
3.394509116454050290e-01 3.468199790502018800e+02
3.408593074970299730e-01 3.488943038131579897e+02
3.415984385610079666e-01 3.194215396135615492e+02
3.421608883592118788e-01 3.198744128442328361e+02
3.430654623737646181e-01 3.170462488295898993e+02
3.437913155125087994e-01 3.303399108796063501e+02
3.450358697898046612e-01 2.886478508182726159e+02
3.456102747261859953e-01 2.305383452535511992e+02
3.473441310185473307e-01 1.625634843632722379e+02
3.487441698029009607e-01 1.290307449454909943e+02
3.504336531389484199e-01 1.169116213909660758e+02
3.522573689263321928e-01 1.243472601642051814e+02
3.544242309243879063e-01 6.809884253133921561e+01
3.562536193513267668e-01 6.453464134736097435e+01
3.580593887014478227e-01 7.097370277145050466e+01
3.597538724261291621e-01 9.026049707180983717e+01
3.610825906270892505e-01 6.345321088954127475e+01
3.620112084157530163e-01 6.262957212693752496e+01
3.627460119559812735e-01 6.223948192745405095e+01
3.634041028691562536e-01 6.187184226874699533e+01
3.640275394488650118e-01 6.508092049827024539e+01
3.645132810822189762e-01 6.367039640822473245e+01
3.648732078090526909e-01 6.100304850755075137e+01
3.652109052284561175e-01 6.087890910580670578e+01
3.655247023066982570e-01 6.115466391420217462e+01
3.658125308913132145e-01 6.102513070670482165e+01
3.660827258752910596e-01 6.267781395661753407e+01
3.663935579981678625e-01 6.070920678363738432e+01
3.666770712622940409e-01 6.167896457527352538e+01
3.669343738013578493e-01 6.126360851003933305e+01
3.671729284016950201e-01 6.064345558731405106e+01
3.674204483917620223e-01 6.072535092682570479e+01
3.676703958783789639e-01 6.426443977798712126e+01
3.678940013327101632e-01 6.089248759894821461e+01
3.680788287258930369e-01 6.152080070757267549e+01
3.683014980996432430e-01 6.081080630770853901e+01
3.685418755793191670e-01 6.098913851616120496e+01
3.687773474884403213e-01 6.069037958462435256e+01
3.690057735434099651e-01 6.082531416859275453e+01
3.692339516209712791e-01 6.429809426707234365e+01
3.695076084550867890e-01 6.188010968111026244e+01
3.697178323756437068e-01 6.087622026348257265e+01
3.699697934333577298e-01 6.091728427357416109e+01
3.702197712242658034e-01 6.138293909904133017e+01
3.704525447244465530e-01 6.053487383375976094e+01
3.706907862215207405e-01 6.268085538900177056e+01
3.709222739747207731e-01 6.208582181435869529e+01
3.712340933684490363e-01 6.290440539505385686e+01
3.714921169038679638e-01 6.137946583026393910e+01
3.718033874058110366e-01 6.074116397773236287e+01
3.721135210719880848e-01 6.059560487786945515e+01
3.724280654499345644e-01 6.625657517619083592e+01
3.727263833995580478e-01 6.122911191707051159e+01
3.729643642643158952e-01 6.076400336938550595e+01
3.732262658922683718e-01 6.180666877589036545e+01
3.734694641178119001e-01 6.076746309562317094e+01
3.736853935750283906e-01 6.265636470134029423e+01
3.738419947243807329e-01 6.156286226023898678e+01
3.739407204477420699e-01 6.100886280194423961e+01
3.740481680206776960e-01 6.076552537219040317e+01
3.741705559896080779e-01 6.278889522360434228e+01
3.742933113755592123e-01 6.164392681541934849e+01
3.743433829964622483e-01 6.107686946293449637e+01
3.743948772720180895e-01 6.128739549493374739e+01
3.744377986286110405e-01 6.056894187518423678e+01
3.744785085260009527e-01 6.096535897016638472e+01
3.745072520537812144e-01 6.081197302621376366e+01
3.745226120047280283e-01 6.067318026285639121e+01
3.745431596115939010e-01 6.168257071194208407e+01
3.745499309668793297e-01 6.414968792828449295e+01
