1.795555930759001884e-01 3.987763706149149584e+03
1.803787052244790190e-01 4.077120124841903817e+03
1.842205150892148868e-01 4.211996290681254322e+03
5.113090034649089149e-02 1.872982612318668998e+03
1.898542385799967605e-02 1.468686428238115695e+03
7.952352976712236468e-04 1.250197080355257867e+03
-1.736319888296978132e-03 1.231831943748365347e+03
-4.893938910207654494e-03 1.201634873012372054e+03
-5.880012345444331559e-03 1.193927983449081466e+03
-6.566188801403829295e-03 1.187103017269586189e+03
-7.607440006329239252e-03 1.181158013822471048e+03
-8.862365477597822921e-03 1.180568768819681964e+03
-1.031846079699630034e-02 1.176184451564325855e+03
-1.153955434308669495e-02 1.160025429414554765e+03
-1.301166730974783782e-02 1.150801750927964576e+03
-1.426636770301691233e-02 1.115516839541710851e+03
-1.483711995529232545e-02 1.079299454249839300e+03
-1.554809409303894822e-02 1.050577264697063811e+03
-1.613093337750924269e-02 1.022448104411941813e+03
-1.712249711867024418e-02 9.815699943871189816e+02
-1.859970688566446248e-02 9.364471358154427207e+02
-1.981423463488050929e-02 8.967651423835450260e+02
-2.112826109128736543e-02 8.644927860866814626e+02
-2.238301839330256865e-02 8.426764808992629696e+02
-2.352275395402956756e-02 8.147562437489688136e+02
-2.444828360444154317e-02 7.859665946714878828e+02
-2.547415019679529630e-02 7.658604362927145530e+02
-2.656708066562485718e-02 7.570984010368925965e+02
-2.760251494126494606e-02 7.364599038722130899e+02
-2.899557898739887202e-02 7.232102703573390272e+02
-3.032575328628349734e-02 6.879744016648006664e+02
-3.191939888105570222e-02 6.452475928937633398e+02
-3.355376697118381962e-02 6.161943818454016082e+02
-3.532516011040005843e-02 5.521834940899611865e+02
-3.941745599469843875e-02 4.858913468611630151e+02
-4.202623802209659587e-02 4.301881408713209680e+02
-4.437372422721073961e-02 3.854789891395743098e+02
-4.678160320496421720e-02 3.585862586560241994e+02
-4.918812688324131210e-02 3.386655645198991351e+02
-5.123848680203685335e-02 3.043156425465300003e+02
-5.387329965595578918e-02 2.508045942370124237e+02
-5.733050694523605939e-02 1.974361994741942965e+02
-6.037588429482115826e-02 1.936331264280667881e+02
-6.331613966878686661e-02 1.989185789309176755e+02
-6.625517335429548238e-02 2.218511369114591503e+02
-6.922978014940893432e-02 2.520727426416346475e+02
-7.216944397451253990e-02 3.042357322174780165e+02
-7.506971326712889858e-02 3.621639232993137512e+02
-7.746740729535532555e-02 3.663249042282256482e+02
-7.945746998047949206e-02 3.897393818359789179e+02
-8.114830306884140976e-02 4.020797671337474526e+02
-8.298785418277739023e-02 4.319215526916970589e+02
-8.452992092091944631e-02 3.656269556165942731e+02
-8.650721710424839894e-02 3.063878732987528792e+02
-8.835300264847308072e-02 2.637849974056869655e+02
-9.008522563188359200e-02 2.548739811625754044e+02
-9.186952968835183919e-02 2.593223470389571617e+02
-9.339861229543860999e-02 2.388956168825413897e+02
-9.514802322386306521e-02 2.503804995108192770e+02
-9.682875831637027808e-02 2.763337332313882939e+02
-9.856486127716149181e-02 3.322222616905903578e+02
-1.002480056973779760e-01 3.882794440997024026e+02
-1.025338389488941182e-01 3.656328003485861586e+02
-1.036685240545403702e-01 3.013919182350634856e+02
-1.044538381351386158e-01 2.561389624182115767e+02
-1.051168243663379714e-01 2.443223257900103533e+02
-1.060113121486660898e-01 1.949793878127253777e+02
-1.063108523963853247e-01 1.261375671961592388e+02
-1.061191169529638739e-01 1.078878630686923827e+02
-1.057368245487925185e-01 1.624586204423777929e+02
-1.055197186887090050e-01 1.448529400831764349e+02
-1.047779680752882470e-01 1.020567760865899061e+02
-1.043611554303044142e-01 1.008912156730298477e+02
-1.036156963876307402e-01 1.314415091020424313e+02
-1.031572020614319879e-01 6.714314231403697875e+01
-1.024800046115048879e-01 6.142662314473303553e+01
-1.017893103753122613e-01 1.051203703773890510e+02
-1.010841465467313682e-01 6.054296536288918418e+01
-1.002516089534294108e-01 6.457715934592793872e+01
-9.935203672866242675e-02 6.280950436547922067e+01
-9.840076094314960387e-02 6.909392638370064788e+01
-9.761898690819276192e-02 6.940640472206592904e+01
-9.701947292496157504e-02 1.256176724072285396e+02
-9.641707607460248131e-02 1.406795722036176244e+02
-9.535027866946424457e-02 9.296773878020434267e+01
-9.478910157068670683e-02 1.251348748195656242e+02
-9.411639848818102727e-02 1.686120282649301316e+02
-9.315246562665341346e-02 1.561865848058327799e+02
-9.180621701211748309e-02 1.854269535240686935e+02
-9.081402799304914841e-02 1.183053483817705995e+02
-9.018659337083149985e-02 9.890385079344615349e+01
-8.957209761483177213e-02 8.531226656733537084e+01
-8.851800664694543797e-02 6.467209884763349237e+01
-8.744004224030174632e-02 1.079380540798640880e+02
-8.646311657711848453e-02 8.161703674234821904e+01
-8.580113016897368550e-02 6.127908100740254582e+01
-8.519022169887294216e-02 6.032812578352577049e+01
-8.457925124000813255e-02 7.218104931916658984e+01
-8.396988286473205942e-02 6.042467370727389664e+01
-8.339719047454849377e-02 6.011263300901526208e+01
-8.282441271046364628e-02 7.697409243256601030e+01
-8.225255354379507056e-02 6.025924239999982035e+01
-8.172864551274881817e-02 6.040425621376753185e+01
-8.120467706197792568e-02 6.886945504799778917e+01
-8.068022702489413556e-02 6.046564027356481574e+01
-8.018235536704396149e-02 6.025108393899829196e+01
-7.968441313062628317e-02 7.169125346533361665e+01
-7.918663397474252907e-02 6.036916909776392259e+01
-7.872449594358502112e-02 6.044719078676310886e+01
-7.826227936246347994e-02 6.655744934305819527e+01
-7.780355464488167283e-02 6.069304526013340961e+01
-7.738840619017951783e-02 6.009707399804926808e+01
-7.697224737389225802e-02 7.630686200438445610e+01
-7.656630731808446166e-02 6.026766323966337069e+01
-7.620516464210401464e-02 6.048492498660989014e+01
-7.584392645767003283e-02 6.637189875785524862e+01
-7.548283765856293737e-02 6.058673520397595524e+01
-7.512512666241899506e-02 6.189413357191892828e+01
-7.475346099413979206e-02 8.337575380068224717e+01
-7.455673789017794317e-02 6.051432800766170317e+01
-7.441374357555660679e-02 6.038328889965090696e+01
-7.426991166764225494e-02 1.131602233157619679e+02
-7.412636137010111814e-02 6.435774655566750369e+01
-7.412098029983126002e-02 7.951480009675611882e+01
-7.405635329583160065e-02 1.585236829661283764e+02
