-3.562562676191052824e-03 6.790556629720974797e+02
-3.562448583554152226e-03 6.724173554172875811e+02
-3.477320054505151584e-03 6.783277671104657429e+02
-3.535966774291379906e-03 6.799866061901135481e+02
-3.583230629535273052e-03 6.856323602256992444e+02
-3.239931963674975036e-03 6.845156436335707895e+02
-3.108868578689609561e-03 6.592457414894979593e+02
-3.325051085990380489e-03 6.243821840339123810e+02
-3.514461449533139419e-03 6.046534545150356053e+02
-3.698207072836128852e-03 5.903391333953132971e+02
-3.858585814672213250e-03 5.931401706566285839e+02
-4.107799687162802874e-03 5.958005469515383083e+02
-4.337877289396793387e-03 6.111380190481081627e+02
-4.467827656060837337e-03 6.380637970064384490e+02
-4.448955901781151585e-03 6.710086575277742895e+02
-4.220663672206219005e-03 7.121107235310206534e+02
-4.120892859734805180e-03 7.339620607197495019e+02
-3.272586826692404274e-03 7.450255763311189412e+02
-2.784464582352869436e-03 7.622874959721607411e+02
-2.492690111991334272e-03 7.828016352224379943e+02
-2.286325681285822104e-03 8.127050963028528940e+02
-1.846373890044034028e-03 8.275523489544433460e+02
-1.460276903793224007e-03 8.484897524421219259e+02
-1.112716883579979070e-03 8.805035882268307432e+02
-7.300928110299352699e-04 9.188435852711261305e+02
-4.410890193642689550e-04 9.571014719345015465e+02
5.200721820668678793e-04 9.724312172224624646e+02
1.838673688370473557e-03 9.345010665740484228e+02
3.644477361413564140e-03 9.001002312569271453e+02
5.253980820622713988e-03 8.658240335062354234e+02
6.893307170432881777e-03 8.421642116688043416e+02
8.532658545603222580e-03 8.303717535489549846e+02
1.018382250244058429e-02 8.251922371691074432e+02
1.178086576035925100e-02 8.204767198565990611e+02
1.364333805314388824e-02 8.104349372630584867e+02
1.503960888472617545e-02 7.984538655535477574e+02
1.607819584058787707e-02 7.717668318549586957e+02
1.724405289356873913e-02 7.570017840066171857e+02
1.844021947660730645e-02 7.513069691313992280e+02
1.954640382795570439e-02 7.510982496857368460e+02
2.061857498964876981e-02 7.621352863695872202e+02
2.173846669647907376e-02 7.391779421661349261e+02
2.255443665085614044e-02 7.248057778404414648e+02
2.343574625801204958e-02 7.222311470621018543e+02
2.437824338942079505e-02 7.181824289224258564e+02
2.535689900384495779e-02 7.135322278513648371e+02
2.643038502509660950e-02 7.230734054789826359e+02
2.755474926712005515e-02 7.142431221517484801e+02
2.898118987461024282e-02 7.014007158277240706e+02
3.040811894994852396e-02 6.914725534602895323e+02
3.153125542361535916e-02 6.850088484844037566e+02
3.323804575626207458e-02 6.375148594798941986e+02
3.547654297016573227e-02 5.963326355282990789e+02
3.792752445133971972e-02 5.591250567854473275e+02
4.173895407534983920e-02 4.994476792727678003e+02
4.465538768626573646e-02 4.535632729237357239e+02
4.779905379539949040e-02 4.029767858903177284e+02
5.049234370991820958e-02 3.532421212471380727e+02
5.566702855012437001e-02 2.990311346397990633e+02
5.851220623960248779e-02 2.742083366804764637e+02
6.133553179526286120e-02 2.834100941165582412e+02
6.407798950603178778e-02 3.111623049722368251e+02
6.664634418550963169e-02 3.081542187318628407e+02
6.927262745795774446e-02 3.420348457190147542e+02
7.193551390255834010e-02 3.903249554220017217e+02
7.437374073677729958e-02 4.404110342315491380e+02
7.619284272098360289e-02 4.121651633882315764e+02
7.816349877564744697e-02 4.087514052595084308e+02
8.013972169025844472e-02 4.236351250289345671e+02
8.188999935557940424e-02 4.339407667663681423e+02
8.287224034732024180e-02 3.721897862328262931e+02
8.375007672501688649e-02 3.283458944987020232e+02
8.484269339318833980e-02 2.480377205360404105e+02
8.635445307287076266e-02 1.783025888064360345e+02
8.794404164502760135e-02 1.203404498403516811e+02
8.915135817740063584e-02 1.124380026429045500e+02
9.006935713196191629e-02 1.498553541879684019e+02
9.080530482184977215e-02 1.449717410507184923e+02
9.193961324581044481e-02 1.866981547909400661e+02
9.316293479230698671e-02 1.975754463085264661e+02
9.412686665761087201e-02 1.864928017884012093e+02
9.520670402544345601e-02 1.740702305994024641e+02
9.611314324653535968e-02 1.725176190511872392e+02
9.692317771623275291e-02 1.538862071689784159e+02
9.786665940377121953e-02 1.338798878637500707e+02
9.892527023768019068e-02 1.293373071866337511e+02
9.989174080635764008e-02 7.854719052950490266e+01
1.009629431735747374e-01 1.132081672442735112e+02
1.020380714922690946e-01 1.847159290148996433e+02
1.029669706963188547e-01 2.356709113992263838e+02
1.032521309203960069e-01 1.761060212222902237e+02
1.027473634228197596e-01 1.284611640430539126e+02
1.028815887166819737e-01 1.191008631519513159e+02
1.032419994085989057e-01 6.398249909678335001e+01
1.037691319801907486e-01 6.096801278318122996e+01
1.042962640365596022e-01 6.167695151522651997e+01
1.048233970761022760e-01 6.130104474310056162e+01
1.053832835362943782e-01 6.043289454908190095e+01
1.059461740027896337e-01 6.484895734531789913e+01
1.065089763491882807e-01 6.143206945226283011e+01
1.071168444826804678e-01 7.600504459890005649e+01
1.077090280528490429e-01 1.451781270798876733e+02
1.081079706926246359e-01 9.523056804680348364e+01
1.079497554137400367e-01 1.044707195212229465e+02
1.080272705780431081e-01 7.537488961796978515e+01
1.079163439188756957e-01 6.110805924427476299e+01
1.078637717487566372e-01 6.057366339271136724e+01
1.078112022878832399e-01 6.340772406610484779e+01
1.077586461261918621e-01 6.053186436852564611e+01
1.077198172624193040e-01 6.058296137735551667e+01
1.076809909675589400e-01 6.114220080288716019e+01
1.076409970725397680e-01 6.081024077633247771e+01
1.076023037264561971e-01 5.966039102653662951e+01
1.075636210378573404e-01 9.331394648051578145e+01
1.075249742909785422e-01 6.009337359115087907e+01
1.076030184700934866e-01 6.080291206529295778e+01
1.076810646816124262e-01 6.094979914155565837e+01
1.077591101595681417e-01 6.062987970119099401e+01
1.078391122201697444e-01 6.033539567625462041e+01
1.079191118914342856e-01 6.756900924002783881e+01
1.079991142057151604e-01 6.075474762399477413e+01
1.081098067579351341e-01 5.989462864693032884e+01
1.082204233637032165e-01 1.032653123101844272e+02
1.083311080195946824e-01 6.528741604246400243e+01
1.079241919154959872e-01 6.107326230804565625e+01
1.075553684761619833e-01 6.226776651211583413e+01
1.071867851996992360e-01 7.219989641172169570e+01
1.069811695379080385e-01 5.994687683788495747e+01
1.068173052323760225e-01 8.786880170379853894e+01
1.066539474671251708e-01 6.024836523499828189e+01
1.065858815849021202e-01 6.032143414205709320e+01
1.065172862143437121e-01 7.380465418612827477e+01
1.064495086202273816e-01 6.037866320245526452e+01
1.064325560293290784e-01 6.055220119756884856e+01
1.064154702561142807e-01 6.401959356671160606e+01
1.063989261146074672e-01 6.092869442672467528e+01
1.063972059934002040e-01 6.231003531326975775e+01
1.063869430104631558e-01 1.079479041261242287e+02
