1.186915769771049040e-01 1.943217797285209372e+03
1.185752664889713759e-01 1.946998973961353840e+03
1.186130526161403992e-01 1.953281578036228893e+03
1.185251129971011397e-01 1.963953081458172164e+03
1.185248370426049136e-01 1.978573531183699060e+03
1.183216508775580544e-01 1.997765012810174539e+03
1.181985302955845807e-01 1.999650395112927526e+03
1.179186186789513424e-01 2.005734957188446060e+03
1.174226074485555799e-01 2.008512282486763752e+03
1.166108539555389401e-01 2.011833583194129915e+03
1.156534642847696637e-01 2.019366451392904992e+03
1.146774055707402429e-01 2.030020737131252645e+03
1.135160692113546949e-01 2.042496686059141439e+03
1.121440503903263636e-01 2.057433882188465759e+03
1.112197301727721882e-01 2.069498350740447677e+03
1.100861148860627914e-01 2.082393197568113010e+03
1.085722779398184956e-01 2.092004255335465132e+03
1.076860042752241509e-01 2.099210288927159581e+03
1.060303833069784346e-01 2.095578597644267120e+03
1.053624432806829353e-01 2.088120036744277058e+03
1.046198144680828418e-01 2.085082263588630212e+03
1.038889805071350897e-01 2.078708172824853591e+03
1.030830059033879392e-01 2.075865486049089213e+03
1.020675897607081495e-01 2.072339626411578593e+03
1.007327891017982396e-01 2.070034134371609071e+03
9.896065090184655300e-02 2.058707421975351735e+03
9.703686764152646971e-02 2.041982561340367738e+03
9.534229765549270819e-02 2.029079885838487826e+03
9.376516582822529144e-02 2.016426813180105228e+03
9.192985958714819383e-02 2.005233927636006683e+03
9.015341655304884294e-02 1.998391913382127086e+03
8.837292913175340270e-02 1.996513273889030870e+03
8.654808254496249020e-02 1.995662582252303991e+03
8.453471072051912949e-02 1.992870340508216259e+03
8.260433809331188537e-02 1.994985816669152882e+03
8.069856607149170080e-02 1.995192269520769287e+03
7.931375229646212000e-02 1.993172536071688228e+03
7.793336680768428448e-02 1.996144045554314062e+03
7.648916860750751279e-02 1.992065347870491223e+03
7.560205286431620486e-02 1.987192087142633000e+03
7.456319172735670353e-02 1.986682097054221003e+03
7.354983789034129360e-02 1.991280423245938664e+03
7.253563855841130281e-02 2.001045947590136393e+03
7.150616104833142084e-02 2.005386227006413264e+03
7.054314358276556063e-02 2.014245504547356404e+03
6.940453787528808038e-02 2.011920175415051062e+03
6.827673322089694574e-02 2.011031892659388632e+03
6.717806372226139966e-02 2.015127422257387707e+03
6.606583933039636425e-02 2.021051915508300453e+03
6.483750701059028121e-02 2.030699134627791636e+03
6.357448929190730180e-02 2.044998307613993120e+03
6.243854795854995865e-02 2.056493722238032660e+03
6.095675982020875433e-02 2.069295145147887069e+03
5.942785819813793668e-02 2.082262903351233035e+03
5.785631081061382713e-02 2.094462480035413591e+03
5.652811336085201283e-02 2.097923657256284514e+03
5.524421695830284557e-02 2.106068885277056779e+03
5.395921590946217011e-02 2.117182894503939224e+03
5.271082881268738390e-02 2.132726930702321170e+03
5.143479927368597993e-02 2.151550402291283717e+03
5.007647388068255795e-02 2.172031121171922678e+03
4.844221610833759212e-02 2.196750248365895459e+03
4.653984818051992711e-02 2.227233111681470291e+03
4.498209737839900524e-02 2.252258013786374249e+03
4.106236835840119948e-02 2.293054154567846126e+03
3.925491585872137312e-02 2.319674141096271796e+03
2.165435327056460316e-02 2.413287318047471217e+03
1.882957072397930740e-02 2.442834742840303988e+03
1.787136213412491084e-02 2.458855000187453243e+03
1.776592089434527247e-02 2.472529360450562763e+03
1.774982506873494514e-02 2.491381237170196528e+03
1.768576514060787863e-02 2.515077617941155040e+03
1.787645125652316883e-02 2.535341702133476247e+03
1.804721338024046010e-02 2.517865296174723426e+03
1.850156074099679887e-02 2.498959031994259476e+03
2.613483981623789670e-02 2.418946761673605579e+03
3.768361627158661742e-02 2.334263362638926083e+03
3.950917400810519814e-02 2.299370310303910628e+03
4.056302708001600921e-02 2.271906959544563051e+03
4.475648627470978774e-02 2.223971962202475879e+03
4.584605518530511514e-02 2.193684237187649614e+03
4.674324096440333337e-02 2.168719630685873653e+03
4.753027859014110484e-02 2.143274525317084681e+03
4.793527414018164401e-02 2.119444224083643803e+03
4.831505795628253386e-02 2.100149289996877997e+03
4.868621828715320038e-02 2.080479835255091075e+03
4.902302221446414032e-02 2.064600583437575096e+03
4.929637552486385715e-02 2.052844159120208587e+03
4.950870813632270162e-02 2.045286440549945382e+03
4.995827904933515529e-02 2.027528455695112143e+03
5.051786751811956216e-02 2.014356703609350234e+03
5.108858829645230443e-02 2.004481486334466808e+03
5.155719414363967718e-02 1.998609924307561414e+03
5.204475501480888833e-02 1.996662766796972846e+03
5.252791307411914384e-02 1.999602135710680159e+03
5.303998506096814503e-02 2.007501551528644086e+03
5.347748158514909617e-02 2.011443248279155341e+03
5.405987311588562189e-02 2.015758000974780316e+03
5.323693485338974046e-02 1.893523104431299316e+03
6.722896617138592046e-02 1.805971589175307145e+03
3.014986781411549965e-01 2.500551291444100173e+02
3.059258468610974169e-01 2.105917665721514425e+02
3.063337754023997550e-01 1.795192331631820366e+02
3.066355439837667451e-01 1.842659637757047904e+02
3.070748819265214924e-01 2.125978111551113727e+02
3.072821209775534190e-01 1.899494662152338833e+02
3.076930970060727244e-01 2.115240658665976810e+02
3.083027619655505647e-01 1.582188306318268758e+02
3.083408566439869158e-01 1.192990043113309611e+02
3.087354754002823443e-01 7.792685681974947443e+01
3.094299215438934270e-01 7.069812684859199692e+01
3.100456688619095957e-01 8.623794347832514973e+01
3.108670335930294182e-01 1.462194350340840572e+02
3.126806252019509458e-01 2.324637199577300635e+02
3.134548613569005382e-01 2.463434797196040904e+02
3.130931004347548008e-01 1.918614524807499322e+02
3.134420555934759323e-01 1.567187531310206339e+02
3.139167251706019290e-01 1.587453981903089186e+02
3.143798924621295510e-01 2.219253745693047506e+02
3.148664177182416424e-01 2.689740367709775342e+02
