1.049018287287848267e-01 2.078239921545890411e+03
1.050548198991455712e-01 2.081518471868618690e+03
1.050866024137900173e-01 2.088444582740083661e+03
1.064259941082173339e-01 2.074979939307617769e+03
1.073539028551172142e-01 2.066227727936828160e+03
1.081976276717912522e-01 2.062324031244993876e+03
1.090578552643813592e-01 2.057950166727878241e+03
1.097101747738659094e-01 2.057656140476709879e+03
1.100883000611204976e-01 2.051206429138761450e+03
1.105012906262075045e-01 2.049584474247491926e+03
1.109194921660227179e-01 2.052854872295101359e+03
1.114056700264292737e-01 2.050808041108367433e+03
1.118297235854071314e-01 2.051501913637363486e+03
1.124853621804353110e-01 2.053352387733951218e+03
1.130764093666916242e-01 2.051039118518387568e+03
1.139816223606562040e-01 2.051511062323450915e+03
1.148932461833834656e-01 2.055564595941949847e+03
1.157593649839437078e-01 2.064132308642912449e+03
1.167275838049308123e-01 2.073800072386286956e+03
1.171703674797140715e-01 2.057871508810145770e+03
1.170741971622375199e-01 2.045390206828004921e+03
1.171611974004742873e-01 2.036752387314900034e+03
1.171985672843876974e-01 2.031980323189711498e+03
1.172950596487575964e-01 2.031805076495276353e+03
1.173512523805901459e-01 2.035337709901636345e+03
1.174263652887417991e-01 2.043814390307835538e+03
1.175016466767858925e-01 2.057025894404986502e+03
1.176181450658738969e-01 2.075280674935438128e+03
1.176924585459600270e-01 2.093770139496303727e+03
1.180759885153764288e-01 2.111791244717831887e+03
1.175831448236970000e-01 2.108309450340923377e+03
1.172831065006989387e-01 2.108842487752864599e+03
1.169690247150803747e-01 2.112453452115722939e+03
1.165403938562090125e-01 2.119737628169588788e+03
1.161290643292282876e-01 2.131690352921853446e+03
1.157857549570792538e-01 2.132917290892725305e+03
1.153962482838885029e-01 2.138660350358662981e+03
1.151169056863544093e-01 2.144875820426945211e+03
1.145819137787729147e-01 2.151130342613356333e+03
1.141166559647272954e-01 2.161908733079225840e+03
1.136406229192048756e-01 2.170309865376444122e+03
1.137746718919086242e-01 2.175199154183466362e+03
1.136814971935136698e-01 2.184268448007241204e+03
1.134816968706281598e-01 2.205578082831028951e+03
1.130671836556815801e-01 2.168774236204029421e+03
1.135545235590009333e-01 2.146378006183858815e+03
1.136068077856184910e-01 2.128776154174463500e+03
1.134792122797531055e-01 2.115565730892598367e+03
1.133358343350520520e-01 2.106993728008921607e+03
1.131602957468113707e-01 2.101734513079418775e+03
1.128883745472882699e-01 2.100809967921153202e+03
1.126147651639100716e-01 2.105145076061744021e+03
1.114898855470654315e-01 2.121983435748113152e+03
1.111238697311472678e-01 2.114662361708073604e+03
3.530050717915044767e-01 1.150550332576260644e+03
5.468189556598053169e-01 3.102315441899101529e+02
5.518036650568663992e-01 2.807464391894062601e+02
5.509822301062116123e-01 3.016888954804370542e+02
5.501662066371750814e-01 3.400524802747301578e+02
5.495148585445230882e-01 3.762324047097739594e+02
5.489701538650961776e-01 4.292502758552416253e+02
5.483891325225495050e-01 4.797321808649078321e+02
5.479505428634873221e-01 5.410614831883508486e+02
5.476082227912777434e-01 5.403165273545805576e+02
5.460311110329620909e-01 5.194891302412465848e+02
5.460844618136009299e-01 4.717846249217291188e+02
5.462043716469281440e-01 4.418622702294655369e+02
5.463286891913761156e-01 4.362640057168882777e+02
5.465011115812374864e-01 4.554002457940961790e+02
5.465504789213537773e-01 4.201811304759620498e+02
5.411793949429840600e-01 3.737879657353120137e+02
5.411706352868648207e-01 3.256536533171723136e+02
5.414243932260414116e-01 3.026598937863483911e+02
5.417260032216784094e-01 3.156663303316578322e+02
5.420034342504791436e-01 3.523825932176058018e+02
5.634236346238381543e-01 5.304826943798659613e+02
5.637443508958502880e-01 5.680123078210249332e+02
5.630743782332056080e-01 5.563237567850437699e+02
5.634903456120597953e-01 5.397164233701585090e+02
5.638504528048179365e-01 5.431464436102369291e+02
5.639346921096809462e-01 5.649634949790756764e+02
