4.735194936510229713e-01 1.572435518154054307e+03
4.740213897990400160e-01 1.575668428006954855e+03
4.747642973136040889e-01 1.588134456539321718e+03
4.750749551872756604e-01 1.594364256758087322e+03
4.750959314273318634e-01 1.601831133979607330e+03
4.752948504580826183e-01 1.612254369969094114e+03
4.755950793768523033e-01 1.627921061510641266e+03
4.759017556776951041e-01 1.647605263452811414e+03
4.763974864430941536e-01 1.672813272371242647e+03
4.767405220447224479e-01 1.688607084368243704e+03
4.767810164627263592e-01 1.708680263113333467e+03
4.768633153013100978e-01 1.730615053497875351e+03
4.770074196293069280e-01 1.757852869548010403e+03
4.772349238525117054e-01 1.782762488448061958e+03
4.778786855870592043e-01 1.803341730903502821e+03
4.785031610849732608e-01 1.828982371619196556e+03
4.787084230073099800e-01 1.827628579996128792e+03
4.795751288087393149e-01 1.828345714136615470e+03
4.808094391856591043e-01 1.822920085717860275e+03
4.819822901070599519e-01 1.805649033588475959e+03
4.829167719816880866e-01 1.790526848346699126e+03
4.838178068908010054e-01 1.780495019957038494e+03
4.848320142717659764e-01 1.774349972060483196e+03
4.858976819914478940e-01 1.773127568818827058e+03
4.869192581300075817e-01 1.771598667915723809e+03
4.883070806710149148e-01 1.766606218075654397e+03
4.891231059240316870e-01 1.741651624680183204e+03
4.893718141788426790e-01 1.717645529297141593e+03
4.892727244709556000e-01 1.697777056403921961e+03
4.888834298782147592e-01 1.681767827196315466e+03
4.881543365764047238e-01 1.669358121759613823e+03
4.876572424570740361e-01 1.661317532775103246e+03
4.871452320556873272e-01 1.659448758208681284e+03
4.863842446512630091e-01 1.664559476234656131e+03
4.846938359485929437e-01 1.676368288950252008e+03
4.805815103445757464e-01 1.700183987899973545e+03
4.616707399803654521e-01 1.799800493017925646e+03
4.609624403978655471e-01 1.778665031865066339e+03
4.608190426737444056e-01 1.771409901429339470e+03
4.389701979721535308e-01 1.899176835519285078e+03
3.100131330413731789e-01 2.684331499134908881e+03
6.957897972199242331e-02 4.174930837664812316e+03
6.721488611402243185e-02 4.178376932970417329e+03
6.645950855992567574e-02 4.175775479314627773e+03
5.837141101663666926e-02 4.219275747060692993e+03
4.088693464996560889e-02 4.304650226681912500e+03
4.088429003528256528e-02 4.304344859635837565e+03
4.057253567031501168e-02 4.305115941200100679e+03
4.031933008252913675e-02 4.308001193350686663e+03
4.005096516887475533e-02 4.313187216764647928e+03
3.909738810348917931e-02 4.323887173345347037e+03
3.850196718168307636e-02 4.320476128071236417e+03
3.882458466865940788e-02 4.317141204270030357e+03
3.923121258089839331e-02 4.316092550281775402e+03
3.966534706876895244e-02 4.317197809344727830e+03
4.009900743231079034e-02 4.320275027285167198e+03
4.055324831138139990e-02 4.325995072269308366e+03
4.122087075368727899e-02 4.335965638467451754e+03
4.140002240618730761e-02 4.338433004635789075e+03
4.162711027512070588e-02 4.343219203077902421e+03
4.189110973234668606e-02 4.351977528029657151e+03
4.190394350683760566e-02 4.354346218687119290e+03
4.115903857683123057e-02 4.365393720580244917e+03
9.124061121267590738e-03 1.248749804277827252e+03
4.667994026022780768e-02 4.831789584418429513e+02
4.911174753381197799e-02 4.746348749019211937e+02
5.151146382707781635e-02 4.715747972757586126e+02
5.423442100722647430e-02 4.688448366884380221e+02
5.661648217280987327e-02 4.413956054868526735e+02
5.912851373010950817e-02 4.344995149148883229e+02
6.166922330447633521e-02 4.520802671959539794e+02
6.410047970178964216e-02 4.476957795774011402e+02
6.950561115492120967e-02 4.135456677669305350e+02
7.181892429564426528e-02 3.496952058471239866e+02
9.126125284693563378e-02 2.943162097602000244e+02
9.564769747534690447e-02 2.514548299370217990e+02
9.987301103815357517e-02 2.244755286054644330e+02
1.069759640668153378e-01 2.016908216382789476e+02
1.098297171608949852e-01 2.142375936971010617e+02
1.144332152156159882e-01 2.374941487142498318e+02
1.165128304819160604e-01 2.650275071995305325e+02
1.182497341547063818e-01 2.862504034225374312e+02
1.196581967477045316e-01 3.152467804315826356e+02
1.206546852524558178e-01 3.208912927180156203e+02
1.209693665111664096e-01 2.887049590100710361e+02
8.926531546759781943e-02 2.164347935344462428e+02
8.992310086513580214e-02 1.300375346738221367e+02
9.033712111081718121e-02 7.230962739278122342e+01
9.066684524117145372e-02 6.991912448553846104e+01
9.089057607451583864e-02 6.221011328702061860e+01
9.103936751595345656e-02 8.759443506695366466e+01
9.126378683505979861e-02 1.607765839690518703e+02
9.124515585950955521e-02 8.248707555452358520e+01
9.151413506491820615e-02 6.314282407657808704e+01
9.172699285031513106e-02 6.122018361811130660e+01
9.190311866480067871e-02 6.102209283669887441e+01
9.208320513986358036e-02 6.604765557808222809e+01
9.221200258889349077e-02 6.091794439532584704e+01
9.233760138446329979e-02 6.572386518650735354e+01
9.247664840569523592e-02 6.089187910986257890e+01
9.264522232929997547e-02 6.269521162932241509e+01
9.280766651939247047e-02 6.055875790833583494e+01
9.296766857554371322e-02 6.055020186766519430e+01
9.312676612522199915e-02 6.305059331882005580e+01
9.329534701894429127e-02 6.455732448381738209e+01
9.334276680518878433e-02 6.057542075845369567e+01
9.338048767480769397e-02 6.181991497379821254e+01
9.340408348824401352e-02 6.455442628265224414e+01
