2.440399705037993583e-01 1.935787186374176827e+03
2.670528687430167025e-01 1.834956527753248338e+03
2.699357746894282539e-01 1.816975882817922411e+03
2.717681302449279634e-01 1.810667890413363693e+03
2.732561490426543283e-01 1.811164525917442461e+03
2.759512644824381189e-01 1.819589334072301654e+03
2.807025797788095800e-01 1.823523827717944414e+03
2.821089903721514247e-01 1.827951269491036328e+03
2.830054238615074547e-01 1.820727141162081352e+03
2.839248726558427083e-01 1.818427370326619666e+03
2.848162497638767054e-01 1.820348019397307553e+03
2.855383029185445398e-01 1.821581100540645139e+03
2.863597590700056594e-01 1.810541305207981850e+03
2.860986199683736020e-01 1.790758063255572551e+03
2.861479367208558111e-01 1.773922060164464938e+03
2.860736143970352141e-01 1.760851758585454036e+03
2.861187447674731210e-01 1.750089542730773474e+03
2.863355674940438189e-01 1.732325724046031155e+03
2.864436621927186066e-01 1.719060377277361340e+03
2.863285970720293450e-01 1.701147951307460062e+03
2.857846367316723701e-01 1.685233088563006731e+03
2.853260323127888021e-01 1.671887278765103247e+03
2.825220046998407342e-01 1.619422355690260702e+03
3.043575110131006567e-01 1.429743052024504323e+03
3.051255622413821533e-01 1.262699303037822119e+03
3.801329438436408803e-01 1.266978496337568174e+02
3.807828887448183042e-01 1.259562759545181905e+02
3.814908043533966064e-01 7.011037601264712293e+01
3.821256718321667800e-01 6.333269580132574106e+01
3.825978704408544151e-01 7.357193300887280429e+01
3.833546117179253421e-01 6.669292749904087714e+01
3.839178855207353580e-01 6.599215467191000073e+01
3.843300407128175111e-01 6.062240345373580652e+01
3.847238081519313568e-01 7.082659745803215401e+01
3.850357622097411170e-01 8.202061330909140224e+01
3.850145256219347778e-01 1.056587687924547510e+02
3.854053902387069575e-01 1.156079744741215904e+02
3.856786270810055317e-01 1.081539563043737076e+02
3.865333478879610096e-01 8.304038696426253807e+01
3.870634857187975064e-01 6.448500267589760426e+01
3.872641024449503533e-01 6.135261857511368078e+01
3.875739590024644410e-01 6.510914085898052406e+01
3.879207202543375477e-01 7.906940785543214645e+01
3.884667210051364061e-01 6.368326044172290779e+01
3.887855747764429326e-01 6.122195620645278069e+01
3.890111775461999599e-01 6.077903818428006133e+01
3.892367260885455371e-01 6.088668538592953894e+01
3.894850489649817060e-01 6.280734519159318552e+01
3.897191184911072970e-01 6.551834340619065244e+01
3.900974556671349958e-01 6.794755525096350368e+01
3.903436221799740369e-01 7.930971169700760015e+01
3.902182637846562385e-01 9.393447184448511678e+01
3.895453658054172652e-01 6.632161125084715536e+01
3.890359854461515332e-01 6.251039328850444576e+01
3.886874649089724354e-01 6.094102607656208193e+01
3.883476778380792749e-01 6.181976600616667383e+01
3.879917457126726421e-01 6.080180528825560771e+01
3.876060144043949607e-01 6.110321357931032793e+01
3.872407464049724135e-01 6.095141083875752486e+01
3.868797509456312067e-01 6.215014163032994787e+01
3.865429188487017331e-01 6.114214801339088723e+01
3.862257642676319436e-01 6.088417362476120331e+01
3.858911751478647512e-01 6.098266203738581481e+01
3.855841692756866723e-01 6.378946980641697451e+01
3.852873340205063002e-01 6.190151217100373771e+01
3.849010919672602449e-01 6.164622583013393609e+01
3.845999977513467893e-01 6.067875761240257049e+01
3.843017964171491219e-01 6.143638698208284410e+01
3.840051117640098099e-01 6.052950744715290199e+01
3.837096987635823520e-01 6.373381644821087377e+01
3.834266558041592998e-01 6.083217180219006082e+01
3.831207636966963981e-01 6.058466537808425301e+01
3.828059733049886670e-01 6.249981293601575061e+01
3.825240189582737593e-01 6.183669712785588501e+01
3.822642558882089481e-01 6.131753009907715324e+01
3.820300495482286118e-01 7.413326308813114451e+01
3.817752940512996185e-01 6.688482509168957790e+01
3.818547340681199831e-01 6.143294563906761141e+01
3.819019783358832965e-01 6.086620118295669357e+01
3.819750138343077639e-01 7.925868387488974065e+01
3.820542293871274642e-01 8.963082847721099711e+01
3.816974784584956648e-01 6.379121613721957829e+01
3.810972179813525429e-01 6.623291444381898430e+01
3.807862975554598961e-01 6.105996796735509236e+01
3.805103876001457164e-01 6.082059154101823850e+01
3.802289003957632363e-01 6.829347613143596618e+01
3.799033214000082648e-01 6.551011189559611125e+01
3.797714324614767101e-01 6.776586734945135504e+01
3.795726490976150114e-01 7.046878033311422485e+01
3.796783065649182998e-01 7.533713423099335671e+01
3.795587276030835122e-01 6.714528378700899225e+01
