1.622534163983578304e-01 2.159241594117163913e+03
1.623542452228083077e-01 2.168302805607112987e+03
1.627084649106714243e-01 2.160830765199854795e+03
1.623660749752004195e-01 2.158235168703734416e+03
1.623500654920487229e-01 2.156527315017860928e+03
1.625287818475306678e-01 2.157389154034599414e+03
1.624088806823291153e-01 2.154117413864880746e+03
1.619920483465826788e-01 2.154203541677874455e+03
1.617789699436559814e-01 2.155691150754457794e+03
1.616591032726637511e-01 2.155270814437096305e+03
1.616714794807906086e-01 2.158865900550730657e+03
1.617025736681790837e-01 2.166986470906030718e+03
1.618519836048047111e-01 2.160176174095851820e+03
1.620904588160773097e-01 2.157615816055043524e+03
1.622388033918499561e-01 2.156290981540101711e+03
1.621371714834068944e-01 2.157267923854791661e+03
1.616621794568446624e-01 2.155748404710328941e+03
1.610412430812364071e-01 2.158229030074709954e+03
1.604962004466668202e-01 2.146011837060137168e+03
1.600012679827561013e-01 2.138170315690968437e+03
1.597534875980544666e-01 2.112559995456889737e+03
1.591619222693605729e-01 2.090326652423112137e+03
1.587267730655994025e-01 2.070573848992336025e+03
1.583313666216242810e-01 2.042623973982980488e+03
1.578884027059243300e-01 2.015735641719314117e+03
1.575788639519097867e-01 1.993118156269989868e+03
1.572161186229997787e-01 1.969517118358351127e+03
1.571190105309432650e-01 1.948637201688095956e+03
1.571235597829444275e-01 1.930960657075584322e+03
1.571184687591787310e-01 1.917355608452290653e+03
1.570683436121176890e-01 1.908073842092157065e+03
1.570804701903257827e-01 1.903269564348958738e+03
1.569374177555140637e-01 1.896022290066043297e+03
1.568915151842670830e-01 1.893750722379988474e+03
1.569056721821244227e-01 1.888215081748755210e+03
1.571713832798653787e-01 1.885558045460802532e+03
1.573954231857579433e-01 1.887787287443686637e+03
1.575602461582680247e-01 1.894041687163581173e+03
1.576847900944514658e-01 1.901951749926719231e+03
1.583900153339086458e-01 1.896574619250486421e+03
1.581353639680721235e-01 1.886943472576303066e+03
1.866352379868683742e-01 1.728025693658388036e+03
1.865798653082065273e-01 1.721907658621242035e+03
2.442332213812662967e-01 1.436652978551765727e+03
2.481038283191229210e-01 1.390026089256540672e+03
3.347489949321544866e-01 7.271243130702481494e+02
3.696520361576957625e-01 3.669214158355067639e+02
3.714283539695841241e-01 3.178503718176614825e+02
3.711759986845267756e-01 2.470038217475879492e+02
3.707819371899192529e-01 1.757502036057250621e+02
3.699810865726814169e-01 1.047387159312481231e+02
3.696323027903901104e-01 8.731634826866086030e+01
3.692391598203236813e-01 7.702124357399057430e+01
3.692308563205575767e-01 9.206725768394798592e+01
3.691583184820346752e-01 1.688406093377852812e+02
3.690954450353136629e-01 1.295910115808886758e+02
3.691595262308478009e-01 7.379622168535381377e+01
3.694447886374407908e-01 8.914095456237362214e+01
3.698516630305067610e-01 1.238827796772277736e+02
3.699579338696505348e-01 6.795660244372672310e+01
3.701004595369186134e-01 6.334011491733307508e+01
3.702750019108629331e-01 7.437011185852455242e+01
3.703790598112496890e-01 1.029962545354676138e+02
3.707650797071659898e-01 1.289326834207315642e+02
3.709084154790027177e-01 1.835350504817887725e+02
3.707976078801094588e-01 2.127461875113303336e+02
3.700354467231267153e-01 1.497167073529655568e+02
3.680135735352496051e-01 8.029760267585675138e+01
3.660216503302831104e-01 7.164485578845263092e+01
3.635153861563161226e-01 7.113058421085139571e+01
3.606212625150010953e-01 6.145713685405095106e+01
3.578742068781685104e-01 6.825874064413248732e+01
3.550413005287913482e-01 7.311966246142246462e+01
3.523384256827405414e-01 1.043432749948638900e+02
3.494227464945983685e-01 6.906620449608195145e+01
3.471241793360454464e-01 7.342996787065727915e+01
3.447996320431429562e-01 1.053152386715194240e+02
3.422826201950807667e-01 7.400224952444251869e+01
3.391131570027883235e-01 1.120031509189483074e+02
3.364126021143263312e-01 9.458372719240186655e+01
3.331818117175763261e-01 8.604594995389886947e+01
3.303367366933794846e-01 1.238384447735281242e+02
3.275748826411367109e-01 6.846199422869510443e+01
3.253356184506778215e-01 7.584840261922569482e+01
3.232338653644167836e-01 7.313477772991929271e+01
3.212901871056552117e-01 1.007134668962684003e+02
3.193446666859499627e-01 7.235314069986377206e+01
3.180066621787581149e-01 6.148072081771261566e+01
3.166293082471103859e-01 6.351803747236250786e+01
3.152923386872639733e-01 6.135981324772389200e+01
3.140214884599127343e-01 6.801008132277803497e+01
3.127544074485348324e-01 7.077154148412280676e+01
3.114253920832755762e-01 9.711691886127636053e+01
3.100208407759643681e-01 6.887068910796864429e+01
3.090500987829576385e-01 6.090845197381224096e+01
3.080768794645707409e-01 6.876140140325735217e+01
3.071200104264381614e-01 7.781081759057764202e+01
3.064511588221103255e-01 6.036825495742391468e+01
3.057470348985855679e-01 7.222617446568952460e+01
3.050591823444946948e-01 6.028688059452912285e+01
3.043349402738817489e-01 7.449468184441647622e+01
3.037478707256708876e-01 6.400272377083332742e+01
3.033247399269027866e-01 9.198696741054347115e+01
3.027499529912341392e-01 6.260037945780661062e+01
3.025160444786906822e-01 6.836395440509997457e+01
3.022699161008318702e-01 6.224356010529405125e+01
3.020137263388975590e-01 6.097606547503745134e+01
3.017234044129255555e-01 6.100243430987327997e+01
3.014779976420045582e-01 8.080026860839869585e+01
3.011421182130047947e-01 6.170762120737971657e+01
3.010090935664876399e-01 6.329597149438037462e+01
3.008873185859641253e-01 6.308596434056339319e+01
3.008718466730732066e-01 6.066976107013719144e+01
3.008453929009619054e-01 6.301444510971808199e+01
3.008303063480253225e-01 6.348466009086509132e+01
3.007024976899483892e-01 6.258785706173625130e+01
3.007071318071858901e-01 6.151548842934862904e+01
3.006989734722536611e-01 6.077803500078976384e+01
3.007158477202239721e-01 6.185581272648926188e+01
3.007230236857412198e-01 6.137849474050445053e+01
3.007097774110494282e-01 6.149611131804152819e+01
3.006889249649093432e-01 6.420548639115637002e+01
