6.220324280669822237e-01 3.815673577862816728e+03
6.241369875361488795e-01 3.822444735492758809e+03
6.243006134236781524e-01 3.822046587350061145e+03
6.243896790247893680e-01 3.824463594430619196e+03
6.242598686260150131e-01 3.828095282970878088e+03
6.241777008811071337e-01 3.831440556297545299e+03
6.234986910330804211e-01 3.832269485218016598e+03
6.175413643529030772e-01 3.822667768201141371e+03
6.167418578622581027e-01 3.823848337108109263e+03
6.150391848464598077e-01 3.831533726700035459e+03
6.091599543432000274e-01 3.801633582325416683e+03
6.089724754206715662e-01 3.796163434847419012e+03
4.471511066795181288e-01 2.359006815090776399e+03
4.149837382374663153e-01 2.194219624334957189e+03
3.865068843439078972e-01 1.910336286809657167e+03
3.864776817383472896e-01 1.907093311567068213e+03
3.660655431479534205e-01 1.733820345225064329e+03
3.632571406079136977e-01 1.702680805072947123e+03
3.622867990178155750e-01 1.684526605491106466e+03
3.611141657802329763e-01 1.668650902817319547e+03
3.609234505643563740e-01 1.665171607649639327e+03
3.608530863750829543e-01 1.667845086915635875e+03
3.608012561607240598e-01 1.676657067845400888e+03
3.607945188303280926e-01 1.671212405973250497e+03
3.596138418316028318e-01 1.661773050693631603e+03
3.591709606975657665e-01 1.656466675783176242e+03
3.589854070374802197e-01 1.657356117146430506e+03
3.587757354585100478e-01 1.663697774832992309e+03
3.585808349872885992e-01 1.675917402113907201e+03
3.583949056295281932e-01 1.693299130167950807e+03
3.581810906261871930e-01 1.716189064581109960e+03
3.580816294237325614e-01 1.744641451273595976e+03
3.582351409930137898e-01 1.785340051781996181e+03
3.581161635847337488e-01 1.809918765563164698e+03
3.579249222755151449e-01 1.839808706678478757e+03
3.577199109548975242e-01 1.871124586471391240e+03
3.565807132078357977e-01 1.914364519009331161e+03
3.548528060980263854e-01 2.023935511813920357e+03
3.521895518702020111e-01 2.101180378392958119e+03
3.513783925865018865e-01 2.121382394904357625e+03
3.551698708615638744e-01 1.942731582686203865e+03
3.539531921185425367e-01 1.907033542789198236e+03
3.528608029052616724e-01 1.884509589538684850e+03
3.520242865863005832e-01 1.861090686936576276e+03
3.508457664529280318e-01 1.842339702124671476e+03
3.496906310121445927e-01 1.828849727848431485e+03
3.485141822054097505e-01 1.820414439111285901e+03
3.473248729895677678e-01 1.815472246023044818e+03
3.459179011293781469e-01 1.811729092348583436e+03
3.443692645083495374e-01 1.812589822152218403e+03
3.428586037227788208e-01 1.817757579096750078e+03
3.413846522353581880e-01 1.826664977171278906e+03
3.397346962133691028e-01 1.837395881798709752e+03
3.376985689174704652e-01 1.853107708858507749e+03
3.342753083002213410e-01 1.875794524454493967e+03
3.309053485214025758e-01 1.896385096011095357e+03
3.293068255167408420e-01 1.913380941884064896e+03
3.280292520777851606e-01 1.927746547374445072e+03
3.244819784461739354e-01 1.930038444329854428e+03
3.235278062893260920e-01 1.931023544206974066e+03
3.225593288358438726e-01 1.938593416334269705e+03
3.215809567332717500e-01 1.951348664654049344e+03
3.202805768324653024e-01 1.970744269852457819e+03
3.181623277094604019e-01 2.011917117166943399e+03
3.168812834383970545e-01 2.002825237485434172e+03
3.166711335929772719e-01 1.996380266392694921e+03
3.167105025264054241e-01 1.996182207679262319e+03
3.894367956303669276e-01 8.121209336510412413e+02
3.196301710316493128e-01 2.228925483114628605e+02
3.262189566540171781e-01 9.522922350777730571e+01
3.275116008868763640e-01 7.082989162785153781e+01
3.288699067862979608e-01 6.115556192679335368e+01
3.301887371871170540e-01 7.613332941873015614e+01
3.315676189916842431e-01 6.366784749914096153e+01
3.327683177901388789e-01 6.492426880298695835e+01
3.338378757600467539e-01 6.152679398991955395e+01
3.348355092789850329e-01 6.381497384703128262e+01
3.357262226075364286e-01 6.443744495173217501e+01
3.366391834141766459e-01 6.088194076517119413e+01
3.375068655725166344e-01 6.095501283747001509e+01
3.383434936124486425e-01 6.979709281084576844e+01
3.392837926955557526e-01 6.402984543266586570e+01
3.400605782082402606e-01 6.388558767013628170e+01
3.406418446667917044e-01 7.074554898531788183e+01
3.410633977083576407e-01 6.343563745507283613e+01
3.414432019611016722e-01 6.435057323794956119e+01
3.416520434317015797e-01 6.250903804758932125e+01
3.417580084449677869e-01 6.473893358036364987e+01
3.416892535919506257e-01 6.451866554486838368e+01
3.414034987502438390e-01 6.380355837338129277e+01
3.410081634332753353e-01 6.435471178013503391e+01
3.404278656537003678e-01 6.144816458607856902e+01
3.397391818491888871e-01 6.117449993334891190e+01
3.390334981790211200e-01 6.287191539714888222e+01
3.383056318182879330e-01 6.099670831527384252e+01
3.375404279803907448e-01 6.067810954730182971e+01
3.367911200811379291e-01 7.140154058722207253e+01
3.359963856457147680e-01 6.594326888689251120e+01
3.354172831046252079e-01 6.292677999045082515e+01
3.348474653734583861e-01 6.711697510794145671e+01
3.342798718045232320e-01 6.271334683978582092e+01
3.335722219532859523e-01 6.165246705734532640e+01
3.329519606113710561e-01 6.193862898348137236e+01
3.323136574980128377e-01 6.089668829350227952e+01
3.317106386345376468e-01 6.101196680902486236e+01
3.311027049674912792e-01 6.075012133538230330e+01
3.304820393079376251e-01 6.048684966773304694e+01
3.298612575626577170e-01 6.347286276967992791e+01
3.292290311931461710e-01 6.091040042498603668e+01
3.286288029464924376e-01 6.371765800652589462e+01
3.280296040892726750e-01 6.530337566044522646e+01
3.275846768559266819e-01 6.057289736542219316e+01
3.271152171127336694e-01 6.319644230575935495e+01
3.267068921163558404e-01 6.178320816594794707e+01
3.263627285302823644e-01 6.220073332713324277e+01
3.259759477204288158e-01 6.064349443947740781e+01
3.255955877154247391e-01 6.121260054785115301e+01
3.252327263648518985e-01 6.049298413122200913e+01
3.248760069771344239e-01 6.406922998687481652e+01
3.245182481988956313e-01 6.124481539416184006e+01
3.242246118572582603e-01 6.201118557673547116e+01
3.239332181371596953e-01 6.105642255178067046e+01
3.236751988406266767e-01 6.087280849081347611e+01
3.234122624260499235e-01 6.228010610693974769e+01
3.231875316035814905e-01 6.186099518861500712e+01
3.230212274592825783e-01 6.404313085510260350e+01
3.227869528202977345e-01 6.277567825652625544e+01
3.226856178497557459e-01 6.064715390322471222e+01
3.225861665459739402e-01 6.406441662648887814e+01
3.224976697361245370e-01 6.061122899604721681e+01
3.224231770900362060e-01 6.084276631687363590e+01
3.223600302140238183e-01 6.209996643294812202e+01
3.223110408828679385e-01 6.251481375558560671e+01
3.221958349746464889e-01 6.069856355565620731e+01
3.220636636453164670e-01 6.083797397407744967e+01
3.219225344735511807e-01 6.065792730718394665e+01
3.217622816492320403e-01 7.434416978420345856e+01
3.215019576814600044e-01 6.052354234120684850e+01
3.212199151696367716e-01 6.263158837898829034e+01
3.210139660094027403e-01 7.107817475722390554e+01
3.209129438319489047e-01 6.271642314760803316e+01
3.209131854952242957e-01 8.627551735317716464e+01
