-1.596722961953373210e-01 1.726862222980440947e+03
-1.594778133814250265e-01 1.725788778178419534e+03
-1.601495794774663584e-01 1.716129112036533570e+03
-1.608669710007931131e-01 1.712148829656131738e+03
-1.616035388036897724e-01 1.709029845781883296e+03
-1.623930036772251173e-01 1.711467591897012881e+03
-1.632665031741422912e-01 1.711932659510870280e+03
-1.642653653934288693e-01 1.717130125510936750e+03
-1.654348788940714909e-01 1.720664644257008149e+03
-1.661780168499003840e-01 1.726975501414602149e+03
-1.671723106494079625e-01 1.735542266980412023e+03
-1.683036592519270569e-01 1.748199619266899845e+03
-1.690813265602484627e-01 1.754034053387726090e+03
-1.687414847013446739e-01 1.744780343844659228e+03
-1.683850161062060702e-01 1.740278553073522517e+03
-1.681505675957396806e-01 1.739485745129118186e+03
-1.677330617699623883e-01 1.733331315374015503e+03
-1.674850061009629798e-01 1.731426836068579632e+03
-1.671510490066469290e-01 1.730370505949495964e+03
-1.668992656860197599e-01 1.734814876166200747e+03
-1.666444746147106304e-01 1.745066883921499084e+03
-1.664001415232687353e-01 1.758390510487743313e+03
-1.660549959102269046e-01 1.776492987660736162e+03
-1.656068134000428238e-01 1.789534258668959410e+03
-1.656826470915303828e-01 1.802858530455069058e+03
-1.657067016763298095e-01 1.818338060404044654e+03
-1.656045506561829861e-01 1.819597238657199341e+03
-1.661087831162336159e-01 1.821692263242711078e+03
-1.662809372095649108e-01 1.817829945725362904e+03
-1.661822414354000021e-01 1.816567581549835040e+03
-1.657839519746242274e-01 1.817045272178580262e+03
-1.651317467350744417e-01 1.821435733462761164e+03
-1.636687459505745679e-01 1.830335755464855083e+03
-1.617565668192664785e-01 1.843989708185507197e+03
-1.564756644339664049e-01 9.478386761314859541e+02
-3.402597516111346282e-02 9.619914129295608518e+01
-3.220669761060899333e-02 6.795354724911949518e+01
-3.064511791720633122e-02 1.037152761055831718e+02
-2.914145875673590860e-02 1.652558720943945048e+02
-2.795529067705678980e-02 8.915680775112448941e+01
-2.737300429883211816e-02 6.401606709046544097e+01
-2.683639893933549223e-02 6.305999772269167636e+01
-2.622357627728884311e-02 6.441446847590287916e+01
-2.573674431400232651e-02 6.064398889384550984e+01
-2.521717032892768426e-02 6.285491326310469873e+01
-2.469348087504150482e-02 6.429530789789509981e+01
-2.411653242162796473e-02 6.187174891820406941e+01
-2.364085385536899078e-02 1.022491102794131024e+02
-2.303291195011402531e-02 6.013027890829548738e+01
-2.244318299927229934e-02 6.065511010220095756e+01
-2.185340486628216394e-02 6.876285273098108064e+01
-2.126559632681499640e-02 6.571058630770967568e+01
-2.092762487141716296e-02 6.407130115413647786e+01
-2.073182165933599302e-02 6.357650087166139485e+01
-2.059647788197036325e-02 7.274820103924585624e+01
-2.063885885555635791e-02 7.549383616488773896e+01
-2.030026307040460123e-02 6.132804379525416039e+01
-1.988612768422294563e-02 6.247822469368857412e+01
-1.952117688138211432e-02 6.611237784877651791e+01
-1.912233761893654752e-02 9.899515546258120935e+01
-1.861139561213755525e-02 6.084072380508832367e+01
-1.793511359836046787e-02 6.073654198466655174e+01
-1.724562776464969721e-02 6.842517400618243073e+01
-1.654546980434472639e-02 6.092120804659697342e+01
-1.578720165482451129e-02 6.601245115798843699e+01
-1.501456199054782871e-02 1.009622032047596321e+02
-1.404354611557222070e-02 1.291394843099608067e+02
-1.271741305416362530e-02 9.720885854914712354e+01
-1.164047093024473019e-02 1.569100264337918134e+02
-1.064427368825002045e-02 1.752458864053498928e+02
-9.921310149732468636e-03 2.267994919405897178e+02
-8.968723419130743627e-03 2.922595123162028585e+02
-8.374775208479370153e-03 3.063411897285976693e+02
-7.242622782894095682e-03 3.575091123752130216e+02
-2.682632394830026211e-03 5.197904027565405158e+02
-9.356092880345567159e-03 2.792828541936399347e+02
-8.830749832625274867e-03 2.029447529787669282e+02
-8.496487599938734592e-03 1.385020568998585588e+02
-8.178583207979183908e-03 1.023106829924497703e+02
-7.705153459166925144e-03 7.619989565982001523e+01
-7.287844631745804894e-03 6.142086143166118006e+01
-6.801639772457060938e-03 6.185848355415274114e+01
-6.284746762015876523e-03 6.613955807768776651e+01
-5.724577073252678887e-03 7.923108100739456461e+01
-5.435338044596029622e-03 6.057650573265011218e+01
-5.228117272122224067e-03 6.355590835767813473e+01
-5.065325596529666671e-03 6.495760143731065739e+01
-4.969735326003101548e-03 6.076470495148585371e+01
-4.902144878309514300e-03 6.538779511029697744e+01
-4.851555316163855096e-03 5.993787456628438548e+01
-4.809779206444440673e-03 8.041825949538174712e+01
-4.775055312432664213e-03 6.072842825893152963e+01
-4.631397171414460522e-03 6.060672990181415543e+01
-4.488983890769862595e-03 6.372729303091180242e+01
-4.349040953836758039e-03 6.068969300919140153e+01
-4.181690963306769482e-03 6.232730653088010087e+01
-4.029704310757538030e-03 6.079142448221976025e+01
-3.902581184325093835e-03 6.058217804444592502e+01
-3.775522141771060075e-03 6.068510580691651768e+01
-3.648462088663196896e-03 6.020720008265564616e+01
-3.521389625327167854e-03 7.414275448551951797e+01
-3.394378719367395058e-03 6.566896316367606801e+01
-3.448913226060225292e-03 6.698111575441581067e+01
-3.723776583834485787e-03 6.360595455400524401e+01
-3.828209613768813070e-03 6.499813243974773513e+01
-3.817920603387770125e-03 6.030425783733632983e+01
-3.809943993032132315e-03 6.729598073443116846e+01
-3.804379192962740498e-03 6.171143658750633421e+01
-3.790646129907396418e-03 5.968141663205818048e+01
-3.777636990011427019e-03 9.649408556911753010e+01
-3.769841780652913744e-03 5.989525162808516257e+01
-3.788514410153955275e-03 6.083149849666441611e+01
-3.807232529103921938e-03 6.084347165942747893e+01
-3.825847756652711248e-03 6.059187292324769913e+01
-3.846529768364167871e-03 6.057029559280307751e+01
-3.867265792404352143e-03 6.110525542634954377e+01
-3.888067715292119631e-03 6.166338458538058376e+01
-3.904901476167984501e-03 6.040216926569046052e+01
-3.924678498389080027e-03 6.522652316074751866e+01
-3.945796786871351609e-03 6.052153087449016056e+01
-3.958491823758895911e-03 6.035608378649443750e+01
-3.971191463921399344e-03 6.773939017296881104e+01
-3.983876847679044056e-03 6.042982744638104720e+01
-3.999147537891106427e-03 6.048111909667381525e+01
-4.014424551406273016e-03 6.473348852047726609e+01
-4.029579934423961965e-03 6.063524214323037143e+01
-4.045466919644933289e-03 5.992835633479399604e+01
-4.061365877231472299e-03 8.193920092045239301e+01
-4.077145968349583580e-03 6.037099920767477812e+01
-4.076888783876801009e-03 5.974229017769019379e+01
-4.076664729347884847e-03 9.918048217432870217e+01
-4.076413689224598486e-03 5.996809135828448234e+01
-4.081609452395247063e-03 6.081457206134969340e+01
-4.086803991852991196e-03 6.174681744753625168e+01
-4.091713093437076079e-03 6.058923182738841717e+01
-4.097478890405929428e-03 6.044156783597475169e+01
-4.103258215353409837e-03 6.497113731586266283e+01
-4.099889884684497325e-03 6.053819563512844582e+01
-4.097238672679984206e-03 6.033169393413064086e+01
-4.094600871812879156e-03 6.860471712832455182e+01
-4.092025222950263288e-03 6.084859511176748015e+01
-4.092231210179980185e-03 6.278637315717094936e+01
-4.092193478911268327e-03 1.129602699202665832e+02
