1.261013639565199407e-01 2.733573886162073904e+03
1.263063957412693950e-01 2.736563138177908968e+03
1.263604761241342578e-01 2.741057483229995796e+03
1.261827217184245675e-01 2.747623191889859299e+03
1.242465753705618015e-01 2.763858861581375550e+03
1.248984217586589646e-01 2.743058712329494938e+03
1.265684832995307985e-01 2.725612978355048654e+03
1.278046621006951322e-01 2.713175929124343384e+03
1.287228821890902264e-01 2.700498458322701936e+03
1.294636039947290040e-01 2.691065203038250729e+03
1.303392390209435203e-01 2.681945234083582818e+03
1.309104614998100047e-01 2.671066922779416473e+03
1.323086166064137981e-01 2.654914892914916436e+03
1.329132697601579649e-01 2.636265879043123277e+03
1.340979829952317071e-01 2.617830725814831112e+03
1.351384140392583311e-01 2.601768853746354125e+03
1.361994314566093989e-01 2.589274818965134273e+03
1.373419734122405256e-01 2.577847630160551489e+03
1.384122198572280138e-01 2.570115080869873054e+03
1.395400735620116739e-01 2.564696294049329481e+03
1.409137804378075842e-01 2.556564847572356939e+03
1.423895522532118152e-01 2.551483941962723293e+03
1.438803127634985524e-01 2.549506884460647143e+03
1.453679624064168896e-01 2.549442769972581573e+03
1.468480620230664668e-01 2.551229187572979299e+03
1.483477342600243720e-01 2.556010487716052921e+03
1.498845364547895798e-01 2.564581735369205944e+03
1.514775810510451404e-01 2.574525499385756120e+03
1.523331379074235326e-01 2.564819522287432846e+03
1.526186947786161152e-01 2.557304433184896425e+03
1.526263965076014861e-01 2.550764375281934463e+03
1.526907274856766361e-01 2.548076800166120847e+03
1.527569780141730393e-01 2.549369284890237850e+03
1.527353563186473473e-01 2.533977673301511913e+03
1.533523157551830995e-01 2.518927058058805414e+03
1.538223100501987239e-01 2.507075685269328915e+03
1.545198487276246146e-01 2.494316207279109676e+03
1.548830164726917036e-01 2.481548242658581785e+03
1.549172556628219677e-01 2.470663838056986151e+03
1.549623978438936789e-01 2.463329507368961004e+03
1.550296940684027791e-01 2.459986438455273401e+03
1.550230461027990725e-01 2.457122411888251918e+03
1.546527721630626684e-01 2.462998043187769326e+03
1.626934841841782553e-01 2.333409122400664728e+03
1.624538009519513049e-01 2.311686835443410928e+03
1.617156505831984226e-01 2.301759545689401875e+03
1.611558250117364477e-01 2.296023051570134157e+03
2.242148995237413234e-01 1.889090987623410228e+03
6.274653794722752087e-01 1.700269984764120181e+02
6.357290339102810162e-01 8.911784115947338591e+01
6.350758885188435565e-01 7.409299988898283118e+01
6.334646392384322144e-01 6.381241146481652038e+01
6.315588212945446589e-01 6.243696572591277061e+01
6.296399335366564820e-01 6.199785927998952673e+01
6.276074081138072192e-01 6.146618538520009167e+01
6.254953667822102936e-01 8.439085359643078732e+01
6.233860780926139267e-01 6.507533088628183293e+01
6.209404999454934959e-01 7.326458077690841719e+01
6.187657102756873861e-01 1.143802622950485954e+02
6.165930484914432519e-01 6.696985338777835750e+01
6.147229981700852441e-01 6.407423057536149713e+01
6.127260061910569933e-01 1.167222490839057230e+02
6.105654172254681988e-01 9.742872212489581329e+01
6.075266813510504793e-01 6.614392983193253883e+01
6.043373078437019874e-01 6.199278677477487065e+01
6.012389947774234855e-01 6.790090433748974874e+01
5.979029313125500122e-01 6.474556488230366824e+01
5.938167873957812537e-01 6.424591695049900864e+01
5.905397942057337701e-01 6.709440026882612074e+01
5.873660075101567735e-01 6.323148956226990691e+01
5.843254484210463895e-01 6.552475704682666446e+01
5.812604641945615658e-01 7.948732134239665470e+01
5.780018164094302691e-01 6.268213224127855199e+01
5.744528273770248550e-01 6.317984704857525458e+01
5.708365987927583873e-01 6.510933164382977623e+01
5.676714437280995229e-01 6.081745776201708509e+01
5.644689561957398904e-01 6.192881173673883666e+01
5.613351387062132103e-01 6.250553279303407805e+01
5.582445580955601727e-01 6.121516365399696724e+01
5.551270559801387838e-01 6.068656887900597496e+01
5.518457397903751005e-01 1.005301148529881345e+02
5.488591692180168069e-01 6.518950010840435993e+01
5.438242835605584524e-01 6.275711321069960036e+01
5.379821538418352311e-01 6.949248664302183442e+01
5.298608319942150757e-01 1.207913378755079776e+02
5.189280752889898762e-01 1.832964625043457545e+02
4.947732628861921111e-01 2.666539123760428538e+02
4.898121260403699440e-01 2.532324332883581235e+02
4.872062020210154998e-01 2.715036363943777360e+02
4.753087699608717354e-01 2.014010444040986840e+02
4.737483795781441964e-01 1.293010890877748693e+02
4.723701692580718481e-01 7.036634444134880084e+01
4.711486536487070054e-01 7.012391334446795099e+01
4.700562029049095703e-01 6.054835937561701087e+01
4.689829568380824432e-01 6.325126827548032793e+01
4.679435657907441426e-01 6.080472291283545871e+01
4.668949173283933329e-01 6.359603969829014858e+01
4.658727909074906193e-01 9.203946456893274330e+01
4.647459053758796754e-01 1.777858339338047244e+02
4.637250588493684322e-01 1.589365875051131241e+02
4.616761087763339155e-01 1.599197470804867578e+02
4.609669983099801138e-01 9.922735098584921332e+01
4.603976923119792453e-01 6.382004837670092456e+01
4.598546253782638815e-01 6.434486219015784059e+01
4.592724572851754061e-01 7.005223704726614642e+01
4.589321948380465921e-01 6.392099107257763535e+01
4.586846984140162675e-01 6.682377621015429270e+01
4.583196054462762570e-01 6.829393089225474966e+01
4.582575878101056155e-01 6.183685727704789770e+01
4.581805186244138350e-01 6.270348409853976079e+01
4.581919659539594458e-01 6.056720657442075151e+01
4.581967519093861907e-01 6.061624183237175600e+01
4.582000612705417475e-01 6.079950896919907422e+01
4.582060753774769291e-01 6.100042463762812162e+01
4.582038066597143855e-01 6.402175549436670110e+01
