3.505603989792425990e-02 3.478421692471753204e+02
3.554998880148118462e-02 3.572412177221355591e+02
3.599599908879148880e-02 3.902176155484556261e+02
7.313010418048453143e-02 5.386383268451124877e+02
7.364325730573083317e-02 5.727200615380007775e+02
7.415218915491611495e-02 6.186779309844152976e+02
8.042564006401504983e-02 6.913616260367377890e+02
8.090784653605971599e-02 7.096006392249504415e+02
8.259168109452284801e-02 7.087453091963797078e+02
8.433257416505157700e-02 6.941859903223549964e+02
8.605008388835695687e-02 6.945909425084489612e+02
8.777833265176281097e-02 6.970496424699623503e+02
8.949213135421400789e-02 7.145233778585239861e+02
9.118838643462401361e-02 7.406506804593154811e+02
9.336318305558939656e-02 7.761293008783723053e+02
9.554961824647656421e-02 8.084931875724732890e+02
9.762296743163245694e-02 8.491880034141826172e+02
9.936235818241437312e-02 8.861970789002158426e+02
1.005505340579377210e-01 9.220279459260840440e+02
1.015699431703949857e-01 9.651409408166117601e+02
1.026619627806781704e-01 1.000132724670950097e+03
1.027703457529394043e-01 9.569225723434905149e+02
1.032841652598465304e-01 9.168620474268228691e+02
1.038855636568291468e-01 8.876278285588307426e+02
1.044868362742008838e-01 8.694731299614468298e+02
1.050993132317975948e-01 8.630111924723412358e+02
1.058267870733681920e-01 8.686923389635746844e+02
1.063446918623296572e-01 8.357657739692840551e+02
1.064291252584892572e-01 8.082986178132264286e+02
1.067637772615399189e-01 7.748537010094620427e+02
1.065426481259833247e-01 7.355994336590714511e+02
1.059784757613500550e-01 7.043439864457207022e+02
1.054769046921266856e-01 6.866434161926606521e+02
1.049664326570470124e-01 6.832742726264958719e+02
1.044989606585460667e-01 6.736970995918775316e+02
1.039024481541064165e-01 6.843446697257949154e+02
7.642393539521225021e-02 4.536939371836294299e+02
7.488518053555896781e-02 4.066980077170584309e+02
7.465600283742862553e-02 3.824610596036484367e+02
7.443807245068723155e-02 3.807751410423294374e+02
7.384236915468056495e-02 3.271814595447845022e+02
7.409196451998646682e-02 2.950370885641210066e+02
