6.114715531527059600e-01 9.263795325621069878e+02
6.114913588649554255e-01 9.298092706768636617e+02
6.220894173943194438e-01 1.249259875591408672e+03
6.236174530600675503e-01 1.252757113748034953e+03
3.315591445953264271e-02 1.922556668759489469e+02
2.233226224592564299e-02 1.415747662010986119e+02
2.232847843548984787e-02 1.339748819861321181e+02
2.313386506998465000e-02 1.199844966462899691e+02
2.380920377956713060e-02 1.195970997157338900e+02
2.460029659001520749e-02 1.307855643173643045e+02
2.545158104954288458e-02 1.501646413403171607e+02
2.622742951526882416e-02 1.452381242763987927e+02
2.715497624170602406e-02 1.553553675781004415e+02
2.795548690899319136e-02 1.555580506179402960e+02
2.809400256729629661e-02 1.410917259337218752e+02
2.814096390711423590e-02 1.379752057435076438e+02
3.095675253752414383e-02 1.699492565531450055e+02
2.270537722999325103e-01 2.500321849536425361e+03
2.290608250556897540e-01 2.524632969054915520e+03
1.806883921622251254e-01 1.903586996693564515e+03
1.813363029629065371e-01 1.869971132564467325e+03
1.813469461634649726e-01 1.874599756203195739e+03
1.827164345938424583e-01 1.889116332040528050e+03
2.585111992487221233e-01 2.577539893372132155e+03
2.746760301470997367e-01 2.808609720703562743e+03
2.703864129356253754e-01 2.777394491858951824e+03
2.706980279227605424e-01 2.774487530039474677e+03
2.708741018687658708e-01 2.776818195311002910e+03
2.737667558663531286e-01 2.816011177519555531e+03
2.740809509422203472e-01 2.819811043960783536e+03
2.738614362140010527e-01 2.822943467680885078e+03
2.735722641868995608e-01 2.824964348297595279e+03
2.732924383171237981e-01 2.827637051699395215e+03
2.731063617900739704e-01 2.830448346892224890e+03
2.732818664590097590e-01 2.833124166052981764e+03
2.731097745168603041e-01 2.835609291518265763e+03
2.727379670067636153e-01 2.838482372719144223e+03
2.721659477068042454e-01 2.841887800333553059e+03
2.718291159998173501e-01 2.845638563259747116e+03
2.713585516938047393e-01 2.849070940257104212e+03
2.708101485892681071e-01 2.853217354115548915e+03
2.697063185179803813e-01 2.848955978503582628e+03
2.699679747364369664e-01 2.850997796330283563e+03
2.702933333246527181e-01 2.854136441259107414e+03
2.715854399456835711e-01 2.864378200233299594e+03
2.719630126721518382e-01 2.869200730268340976e+03
2.722860521173998127e-01 2.874252307575370196e+03
2.730658620939786507e-01 2.877705458346334126e+03
2.734496427445460287e-01 2.881331630495785248e+03
2.737164822158354993e-01 2.885002653749183537e+03
2.742097332828411504e-01 2.889003341656657540e+03
2.746565708997746880e-01 2.892287979109972639e+03
2.746909117214528795e-01 2.895882516231288719e+03
2.754270626994014259e-01 2.898121773959041093e+03
2.763693209503045867e-01 2.900846720614270907e+03
2.771329278777548422e-01 2.902443348249030805e+03
2.773980127386922456e-01 2.904144762160064602e+03
2.771899393487326502e-01 2.905587551040839571e+03
2.772633017674130951e-01 2.906879808327401861e+03
2.774658173569798936e-01 2.908329854922858885e+03
2.774620574725729094e-01 2.910424934668128572e+03
2.778460225915828086e-01 2.912771542769390635e+03
2.784869105998297734e-01 2.917027388470534333e+03
2.794396369169579453e-01 2.924129165187044237e+03
2.807455498991260345e-01 2.936231708596226326e+03
2.689506368563097660e-01 2.817908342242290473e+03
2.729759218119222619e-01 2.811795381465752143e+03
2.797056715897174306e-01 2.872745029012606665e+03
3.146923758789314518e-01 3.262199274009224609e+03
3.154061084698642214e-01 3.265350890155254092e+03
3.151599273480762964e-01 3.270434875505528908e+03
2.864713281584203575e-01 3.203603022620874981e+03
2.848226632593669483e-01 3.199186089959751826e+03
2.834241519276018417e-01 3.195297724645519338e+03
2.821479823510492091e-01 3.189851284871157077e+03
2.809179666618225046e-01 3.185020931289747296e+03
2.798560205166557013e-01 3.180633973414899629e+03
2.787286268033524195e-01 3.175396670863955478e+03
2.765494049144821553e-01 3.170697820159423372e+03
2.743184873835840532e-01 3.166988035810543806e+03
2.721613949225250573e-01 3.163877765247936168e+03
2.695373641525619646e-01 3.161216511396824444e+03
2.681360329150200283e-01 3.157032238342846995e+03
2.665647418000095525e-01 3.154116512975017031e+03
2.653020115926911782e-01 3.150243938563876327e+03
2.419540712273830219e-01 2.758696530093684032e+03
2.469490930057486877e-01 2.612984619219246269e+03
2.502327046146455847e-01 2.598512562052358589e+03
2.516114148854832200e-01 2.590906419573635958e+03
2.520061255890635454e-01 2.583627646201640346e+03
2.520658341004581859e-01 2.578849897265979962e+03
2.523098049476271143e-01 2.574764614357914525e+03
2.521289880974370012e-01 2.576344749099879664e+03
2.521558842184701277e-01 2.573178349451922713e+03
2.518381406333914385e-01 2.568572919251545500e+03
2.476175388165187119e-01 2.566390761178974572e+03
2.466401634540959509e-01 2.561578415994535135e+03
2.431345525809735786e-01 2.533614864604820923e+03
2.426457198413905780e-01 2.523952503279796019e+03
2.421831230461678197e-01 2.516865960409120817e+03
2.417972343930933909e-01 2.510691568965729857e+03
2.413503077568668886e-01 2.505479725760051679e+03
2.410416266392024776e-01 2.503025116938923929e+03
2.406118892773626006e-01 2.498484687833046792e+03
2.404927623194415554e-01 2.494324217604115802e+03
2.403369792314533071e-01 2.491200297331969068e+03
2.402757058192791784e-01 2.488598840501977065e+03
2.397807864676787526e-01 2.484958476544882615e+03
2.393225750468130075e-01 2.482057010630961486e+03
2.390463325624290480e-01 2.476437131025209510e+03
2.382356728055005646e-01 2.470556843190056043e+03
2.376098385773579846e-01 2.465645472753560625e+03
2.369938641206747187e-01 2.461817490390778403e+03
2.357728512947782629e-01 2.452913540404106243e+03
2.329646046389449443e-01 2.405030805573408543e+03
2.304761565597702455e-01 2.392525848694591787e+03
2.298939860008269720e-01 2.385746719235295132e+03
2.293666222120708809e-01 2.380103473774131999e+03
2.286879857591044285e-01 2.376997450533005576e+03
2.236231302354547146e-01 2.333549984382913408e+03
2.241120982506802362e-01 2.321052744710322258e+03
2.240576490797961673e-01 2.312772605230333738e+03
2.244164393054411399e-01 2.306966543494395864e+03
2.245419772308177575e-01 2.301677674889206628e+03
2.247416453301177841e-01 2.297002043534606855e+03
2.250474446772820214e-01 2.293122683709273133e+03
2.253001680645818350e-01 2.289860816876881927e+03
2.252418528769781769e-01 2.285571696643377891e+03
2.293603437705497017e-01 2.272961480035268323e+03
2.240804109893249352e-01 2.247554076568062555e+03
2.264822101693954037e-01 2.238514011495419254e+03
2.278603977756713528e-01 2.235001117946559589e+03
2.285990838836501060e-01 2.232815649367445985e+03
2.293269067929046834e-01 2.231327171826018002e+03
2.303146178787958964e-01 2.230918460324568969e+03
2.382888266067869909e-01 2.253582130890365534e+03
2.390033027473423277e-01 2.254344063904206905e+03
2.396069126339198663e-01 2.258110568261855406e+03
2.411108623211511981e-01 2.264800675531409070e+03
2.420644305214989800e-01 2.266667050391889461e+03
2.437783456663661363e-01 2.281898323011571392e+03
2.486777772105109308e-01 2.344399320373483988e+03
