5.483425855079716582e-01 3.327428263107634848e+03
5.486255100612940083e-01 3.327764859837398035e+03
5.488590641288886296e-01 3.328967874596582078e+03
5.503254742484947615e-01 3.343579540756185452e+03
5.507796519506197308e-01 3.345710968949135349e+03
5.681749583021358796e-02 1.465719619571331123e+03
4.661753712697284946e-02 1.392421019971811575e+03
4.701661906137816899e-02 1.394408678021066862e+03
4.737956455697437536e-02 1.395635128600235475e+03
4.792364917535044122e-02 1.399415881617842388e+03
4.830309699006556101e-02 1.405295670188027771e+03
4.838142497707095813e-02 1.414169705606560456e+03
4.941097773184623815e-02 1.407016840320058009e+03
5.065249472516406004e-02 1.401620100506402196e+03
1.396254624338805483e-01 1.041295446798412740e+03
1.364730153020703718e-01 9.648186242101310199e+02
1.367380865255810041e-01 9.497592024575470759e+02
1.374389494206490758e-01 9.401523853768034087e+02
1.381734889249387199e-01 9.342195829925888120e+02
1.421776895544744068e-01 9.059476017168477711e+02
1.428604919377199634e-01 8.903404278618374974e+02
1.434486938488498398e-01 8.792591210817274714e+02
1.440377262177014173e-01 8.712764517676766900e+02
1.512208595605650796e-01 8.478375631955723293e+02
1.505833648991667661e-01 8.250256599146184726e+02
1.502741121284267289e-01 8.129582683874116356e+02
1.502388257361104429e-01 8.060567195497454804e+02
1.506619737397341952e-01 8.009008712861478898e+02
1.588701091194300585e-01 9.147214468827905876e+02
4.242422817361463094e-01 4.875270637290093873e+03
4.245868673887883693e-01 4.874456931500970313e+03
4.240419339782323105e-01 4.873698242966580437e+03
4.239756422480913667e-01 4.871810230212628994e+03
4.241600765592161704e-01 4.870639714921679115e+03
4.243915532012916270e-01 4.869861904881448027e+03
3.955925518580890032e-01 4.258617491748183966e+03
4.015167705894647776e-01 4.173495399232274394e+03
4.021479088671490731e-01 4.174464767547815427e+03
4.028932594667780087e-01 4.177607217240847604e+03
4.495283830238007150e-01 4.866709809771803521e+03
4.502820864049800198e-01 4.867483515401356271e+03
4.502421454968784653e-01 4.865474992991948966e+03
4.509013236827284499e-01 4.865796923877273002e+03
4.518936392406809888e-01 4.869889806192821197e+03
4.539001495760427995e-01 4.860898998156726520e+03
2.820479492282120318e-02 5.781217062191838068e+02
2.226627874200912127e-02 3.414824008117237213e+02
2.244834171473134715e-02 3.485917768932910690e+02
2.298195458040063616e-02 3.575663959934748846e+02
2.296958425044171720e-02 3.482381781803894683e+02
2.295967835046187899e-02 3.495529892969594812e+02
2.300229744823477016e-02 3.523301403875689175e+02
2.291957359823629942e-02 3.653976782673422576e+02
