3.085056408469177835e-01 2.204463470077295710e+02
3.091551500858598645e-01 2.094322623271285124e+02
3.097337091600073644e-01 2.268788155445759571e+02
3.102696324716822107e-01 1.989929921679413667e+02
3.106489077210426442e-01 1.990326260208294400e+02
3.110064737777536448e-01 2.322720426388067665e+02
3.113942553169745664e-01 2.372811963219273252e+02
3.121023148463367147e-01 2.107916876028842808e+02
3.123940865192430527e-01 1.776342466455459999e+02
3.127559569563823638e-01 1.691040604268388279e+02
3.130950048717031642e-01 1.354616080602523027e+02
3.133253205669708774e-01 1.388663582154834160e+02
3.137958338147153192e-01 1.434677620806097877e+02
3.141948149587729944e-01 1.909604138397433530e+02
3.144430561827331605e-01 2.007745755508081231e+02
3.140619588541214147e-01 1.627089894734215818e+02
3.139673055084183928e-01 1.584826900305303354e+02
3.137950613065883521e-01 1.919143997270515456e+02
3.135076593579650406e-01 2.182906155603393472e+02
3.134529429223052444e-01 2.492408277757023427e+02
3.132050783978889141e-01 2.477368412386966270e+02
3.126461532753442296e-01 2.577645441343637458e+02
3.126822845458563926e-01 2.326901935020509598e+02
3.128317094514180274e-01 2.238839822665669885e+02
3.130263529878692941e-01 2.251685615721011686e+02
3.131799639549069925e-01 2.384392327612747238e+02
3.131222444319263776e-01 2.641888327339301554e+02
3.131034331527416947e-01 2.690374588585034985e+02
3.131482953120207080e-01 2.964017937747759106e+02
3.132848623499410734e-01 3.105447053175496421e+02
3.137602659477339850e-01 3.278329077705512873e+02
3.143625581501761079e-01 2.976956159269082605e+02
3.145268601922748264e-01 2.806328373466219546e+02
3.147791281107407690e-01 2.632553137508114105e+02
3.152543978619701259e-01 2.611691937129301095e+02
3.158246284194190512e-01 2.633029591486724144e+02
3.161555457661976987e-01 2.652980383962168958e+02
3.163173067599767130e-01 2.853249854262630265e+02
3.167355298794595209e-01 3.049492016846166962e+02
3.170059279781183292e-01 3.342026201470098385e+02
3.175779364236801516e-01 3.623595051953371922e+02
3.182930460955957219e-01 4.011220343081619717e+02
3.188434809966913530e-01 4.180497514851397796e+02
3.188139077501713214e-01 4.246269991851698933e+02
3.178738812941234726e-01 4.073149103866604719e+02
3.170092950223294959e-01 3.908040235991743998e+02
3.160825407548557564e-01 3.879483324508252622e+02
3.155046312927964336e-01 3.685566752030269981e+02
3.149816136221305074e-01 3.656027933723150340e+02
3.144798247566315541e-01 3.344164862635528834e+02
3.138903380018596700e-01 3.212175382728192403e+02
3.133864420560549258e-01 3.039377376387612912e+02
3.126967050910048340e-01 3.058404621480063383e+02
3.122891104557898867e-01 2.847403165642471095e+02
3.116327144087520096e-01 2.739776820746690760e+02
3.110996468817393557e-01 2.878528404419777189e+02
3.105243410799441994e-01 2.933585224217367227e+02
3.094181714472153399e-01 2.813593389958758166e+02
3.088073378655888934e-01 2.785847395570387448e+02
3.081648051395275423e-01 2.650080279846851568e+02
3.078944889925457340e-01 2.596942963814591394e+02
3.075413825257636291e-01 2.712443427944047585e+02
3.072582175132617111e-01 3.037891484397368913e+02
3.070319541000183783e-01 3.427550775879398088e+02
3.067428521363765315e-01 3.753002822157718015e+02
3.060458192059373195e-01 4.003287734723099334e+02
3.062100288236205836e-01 3.941511684887279898e+02
3.064150762712671283e-01 4.055574879928740302e+02
3.067864988135537430e-01 4.082227873053159897e+02
3.078814677243082443e-01 3.728298397057760099e+02
3.091370524750251536e-01 3.520493097362253252e+02
3.105019502808702425e-01 3.188706156483536347e+02
3.117464235285567486e-01 3.019426626232536250e+02
3.131992820852685933e-01 2.778512485035581108e+02
3.143749631302873992e-01 2.658884243116867765e+02
3.156046241719349665e-01 2.814056581964638895e+02
3.167591233961158381e-01 2.869944567149158274e+02
3.175921972488496281e-01 3.009153250289427888e+02
3.185964215742275174e-01 3.319660997178704065e+02
3.195565759018245133e-01 3.332434604159836340e+02
3.201864521782396555e-01 3.254808709739389769e+02
3.212175159098226151e-01 3.290208363585925326e+02
3.221288572419322427e-01 3.049635279485509045e+02
3.231662214415881307e-01 3.020091147145573132e+02
3.243068351922636094e-01 2.822721407062585968e+02
3.255314951135772072e-01 2.855964194892989667e+02
3.268361107536972843e-01 3.044010186067577024e+02
3.281797910621515046e-01 3.357368702517920269e+02
3.297079020459428578e-01 3.659764131831598775e+02
3.309790946996964967e-01 3.984494242720099351e+02
3.321523162921541372e-01 4.414844849667942412e+02
3.331565446689344068e-01 4.821942790251824249e+02
3.344250477275269029e-01 5.320697279021619579e+02
3.355575377071595145e-01 5.682739242032102993e+02
3.362982172905257250e-01 6.081767047350265329e+02
3.374830784822875351e-01 6.408483283662384338e+02
3.389147910112093598e-01 6.613615516087921833e+02
3.404947306572698174e-01 6.901855295563053687e+02
3.422524499141746390e-01 6.700712050864024150e+02
3.438886218236381076e-01 6.587995492809328653e+02
3.452575266091533757e-01 6.510454951884066759e+02
3.467415504022487993e-01 6.529356449135096909e+02
3.482718086885461251e-01 6.529128158826297295e+02
3.498811581349063338e-01 6.624276456147217687e+02
3.515829512636674536e-01 6.718293189430788743e+02
3.533323284525063390e-01 6.901638128768220213e+02
3.551768770277470288e-01 6.949958451988198931e+02
3.572257911775283956e-01 7.063125051908322121e+02
3.592627134735260630e-01 7.261607961826911151e+02
3.613082163191089768e-01 7.517407155955354483e+02
3.634370995168269003e-01 7.832843315441656387e+02
3.650655003067091453e-01 7.939892442591005874e+02
3.662060819336270256e-01 8.091478623465330884e+02
3.674897607612688244e-01 8.249433110383300800e+02
3.686303945567921403e-01 8.463963041767339064e+02
3.699424838572701879e-01 8.714231392064120882e+02
3.714126364251787993e-01 9.023623349066358514e+02
3.736631031633183553e-01 9.416797104122163091e+02
3.752441071992543287e-01 9.631916051783312014e+02
3.770943827642118107e-01 9.892538065023983336e+02
3.789682105977512649e-01 9.944697383504749268e+02
3.798978906862726657e-01 9.938869170775373050e+02
3.812921104816415774e-01 9.976390340556768024e+02
3.827139225615319162e-01 1.006151364023509700e+03
3.840724397688399239e-01 1.019091353376198526e+03
3.853220194382988573e-01 1.037899051457258565e+03
3.866285601659225080e-01 1.070639606793814664e+03
3.817571503575871161e-01 1.406223676225962208e+03
3.840045207894994261e-01 1.424399209024846641e+03
3.844644371417512141e-01 1.425935387139627210e+03
3.778518307100325879e-01 1.546861319525281488e+03
1.094654692433278814e-01 6.407109023886294381e+03
1.082543594360901723e-01 6.414453014088068812e+03
1.074640190597294098e-01 6.428518554553410468e+03
1.070915349779550385e-01 6.433489366841346055e+03
9.225214234153132631e-02 6.661123190618718581e+03
9.235999565326820371e-02 6.663959402118156504e+03
9.215537392702108366e-02 6.662876285741635911e+03
9.191325257989872710e-02 6.663236997845636324e+03
9.172990394528024449e-02 6.665423184276289248e+03
9.151156579621927412e-02 6.667745541346970640e+03
9.116981988892414179e-02 6.670662597375860969e+03
9.081377301345629205e-02 6.676016320487717167e+03
9.052536029756683145e-02 6.679109502701838210e+03
