1.619504727432822810e-01 3.898836085133767483e+03
1.616646762236362556e-01 3.906956348006333883e+03
1.617356913111221428e-01 3.907375403683183322e+03
1.639121221229217495e-01 3.907933700034895082e+03
1.647507530015907828e-01 3.907812959729570139e+03
1.665904563463644628e-01 3.907368383113862365e+03
1.685034020159414392e-01 3.907343560419068126e+03
1.696777829011014149e-01 3.907468430861643810e+03
1.707863927341529697e-01 3.907920756370192066e+03
1.717211917924962306e-01 3.908747571262270867e+03
1.725594153300396560e-01 3.909901752252652841e+03
1.734767710360662629e-01 3.911793788291120563e+03
1.742511091797851464e-01 3.912701034897876525e+03
1.744303479536385426e-01 3.913590708418501890e+03
1.740368341451782319e-01 3.914472228707401882e+03
1.738297686752403870e-01 3.915712579714563162e+03
1.737194931896533512e-01 3.915396144659880065e+03
1.737795145166090849e-01 3.915537991255251200e+03
1.741245400507471230e-01 3.912580285109641864e+03
1.674083221791598519e-01 4.823870152220725913e+02
1.683312005109556531e-01 1.915905596124384545e+02
1.690289571614085606e-01 1.571152485201689615e+02
1.696026869015604122e-01 1.403764829778960745e+02
1.700561549413307505e-01 1.333844682471373346e+02
1.814636927312218984e-01 1.688186515306073545e+02
3.626364845869431974e-01 1.020074198305561822e+03
3.642383600589669257e-01 1.010786827509203249e+03
2.448140657697250866e-01 4.794337760725834414e+02
2.627934303814564720e-01 1.110613497020840725e+02
2.629474191352224599e-01 1.010679139117513046e+02
2.646568660404468032e-01 1.161213401912720968e+02
2.661471912005065055e-01 1.061943568850829251e+02
2.671938389696629779e-01 1.095874608818296565e+02
2.683437674691722119e-01 1.307246714973376243e+02
2.694965507405457927e-01 1.476511570183293998e+02
2.711495782073424232e-01 1.501577958824960888e+02
2.725057036253256681e-01 1.550815336583770261e+02
2.736447813111549388e-01 1.699177059053969288e+02
2.745746958760840184e-01 1.770477649505399711e+02
2.758391702399899947e-01 1.577933862157404121e+02
2.765169575575766592e-01 1.371765589664773870e+02
2.768451544978214884e-01 1.262380958059632121e+02
2.767114295453853012e-01 1.088512177137638730e+02
2.768167742053951330e-01 1.046812521851198170e+02
2.768710165384722366e-01 1.202785592683584639e+02
2.770772747866199204e-01 1.129107129304999972e+02
2.776257988193125970e-01 1.158036008117540376e+02
2.781842740725815610e-01 9.645140983007063085e+01
2.785052285020398477e-01 8.606778870703190876e+01
2.787976094880562639e-01 7.618313607256369835e+01
2.790338488448680376e-01 9.367428864965937407e+01
2.791719476801198252e-01 8.843628992812436707e+01
2.794416177353269415e-01 9.858941816620732368e+01
2.799121278229458332e-01 8.983833529001346108e+01
2.801201120074524598e-01 6.911084485141229550e+01
2.805763854622992937e-01 6.493602623882722469e+01
2.807918440429872931e-01 8.155774393968945901e+01
2.811210891856850136e-01 9.852015087688549499e+01
2.812777746940194334e-01 1.149759117062147453e+02
