8.930924900974107628e-03 3.010017612752257264e+03
9.110497436815081021e-03 3.010309453597446918e+03
9.177587412930439045e-03 3.014175755552928877e+03
9.736084651536011658e-03 3.005005995371170684e+03
9.990973098104025119e-03 3.000840027553968866e+03
1.012590731136059873e-02 3.000778586155602625e+03
1.029670445687243599e-02 3.004786309085171069e+03
1.080139782878544730e-02 3.029645998609867547e+03
1.649003333405848343e-02 3.250697236348475599e+03
1.100346935828367401e-01 5.734756605565428799e+03
1.104393663849626284e-01 5.740859844978704132e+03
1.082479993096381043e-01 5.744096277296759581e+03
1.071194897060494949e-01 5.746751553022130793e+03
1.036797295892392806e-01 5.709616998346748915e+03
6.335832273986237440e-02 3.819532818938140281e+03
7.029012810212802165e-02 3.316686223716841596e+03
7.095553336213313023e-02 3.232966043793721838e+03
7.134192498662667026e-02 3.198418906229089771e+03
7.182822919982252696e-02 3.189181061727193082e+03
7.228405917261371272e-02 3.186367013275487807e+03
7.273054908857862211e-02 3.187828763143347715e+03
7.334669737928461997e-02 3.192825525181151988e+03
7.463988644374591752e-02 3.203686043975668781e+03
7.418224005332281490e-02 3.251704595017321026e+03
7.382287895220737695e-02 3.258137724888244520e+03
7.461163329910515396e-02 3.261952499906140019e+03
7.482906964588534326e-02 3.267022715835811596e+03
7.499390529736871258e-02 3.275177334883655476e+03
7.516588074821310694e-02 3.286105387297624929e+03
7.528727911127035266e-02 3.299364081223223820e+03
7.334503956015051007e-02 3.393571923106639133e+03
7.331464582425233079e-02 3.425214551879285409e+03
7.444383592337697197e-02 3.429698405044197898e+03
7.530836022109521632e-02 3.437894731239641715e+03
7.633956061002390714e-02 3.440354554379875026e+03
7.742387904471065285e-02 3.445850873203531137e+03
7.851165305958147933e-02 3.454069072493487965e+03
7.961548711992656735e-02 3.464073922366870192e+03
8.128028413835119981e-02 3.461169173734442211e+03
8.452138521785643177e-02 3.458378032889794667e+03
8.670666014011649270e-02 3.458642185247178986e+03
8.946363475216605188e-02 3.462137893700761197e+03
9.159077989010933063e-02 3.459485335626772212e+03
9.365192767593452650e-02 3.459925759106013174e+03
9.568351322550576465e-02 3.462726773335861708e+03
9.773999369472675947e-02 3.468072091901552085e+03
9.995879557387528369e-02 3.477533234739286399e+03
1.025230739950742237e-01 3.487406773890854765e+03
1.033690730359898835e-01 3.474583728123276160e+03
1.090863438283329323e-01 3.454590946471730604e+03
1.106068941386226662e-01 3.447768854118357012e+03
1.121027701690497369e-01 3.443964637775752635e+03
1.136168211048707022e-01 3.443376583369220953e+03
1.151830240985439457e-01 3.445623857125070572e+03
1.165157268252769301e-01 3.448866540251633978e+03
1.179494520339441077e-01 3.458536425136206162e+03
1.194488072037808157e-01 3.457376530393112262e+03
1.198253383809137901e-01 3.452159119056452710e+03
1.205764003565356068e-01 3.449068200835216430e+03
1.210179633507243585e-01 3.450342396158243446e+03
1.227701087642772138e-01 3.446150214719540145e+03
2.197676932508309811e-01 7.427610652254375054e+02
2.526226439128132495e-01 3.341385528316180284e+02
2.508751014983002237e-01 2.885060488215362398e+02
2.508294834213240510e-01 2.647825069906624549e+02
2.507589830783661933e-01 2.828822890768083766e+02
2.507607152413303120e-01 3.050624873690741765e+02
2.507243542764552302e-01 3.498816444069737486e+02
