1.076176192093559608e-01 3.695958018510716101e+03
1.078345244826474231e-01 3.700416943669215016e+03
1.081879953284322488e-01 3.700641461885918488e+03
1.082135120321147809e-01 3.701156044555462358e+03
1.082915581460646010e-01 3.702143923921316400e+03
1.083181545588488698e-01 3.703882663980566122e+03
1.083610771795855132e-01 3.702995107360456586e+03
1.086920920211220110e-01 3.701451389213950733e+03
1.175718764318891274e-01 3.287288824709605706e+03
3.272988856009093062e-01 1.176963676457900419e+03
3.428646728830234691e-01 9.953744854593826403e+02
3.453003036136161885e-01 9.737530423933567363e+02
3.457320119022403437e-01 9.745951726036513492e+02
3.456717269113053215e-01 9.778314376263615486e+02
3.458823335250049702e-01 9.798563793417763463e+02
3.464227481667134789e-01 9.819323823207703299e+02
3.469413220586260449e-01 9.766830531688531210e+02
3.476812534397001886e-01 9.733773944474817199e+02
3.482412633582961936e-01 9.682003653289980321e+02
3.482853691679501651e-01 9.619263752031502008e+02
3.477776686870984180e-01 9.561329712722207432e+02
3.469774015083946228e-01 9.505010293237323822e+02
3.463603338204091497e-01 9.466056563078764157e+02
3.456798791255185077e-01 9.436163249597249205e+02
3.450427132769726679e-01 9.421717864821422381e+02
3.443176538786144047e-01 9.424369582036470092e+02
3.439229219980177166e-01 9.372004528602918754e+02
3.438034501919908781e-01 9.334835892629780574e+02
3.437144680100454042e-01 9.291380298523406509e+02
3.441067264775592993e-01 9.238733233787536392e+02
3.440550734049073189e-01 9.168116463029413126e+02
3.441355747439358570e-01 9.117733814169205289e+02
3.441954616312962179e-01 9.089230358103778826e+02
3.442574235039931874e-01 9.072097531451994428e+02
3.445047092514362252e-01 9.023295470068034092e+02
3.447669019502431209e-01 8.999405081635580927e+02
3.449379323836584965e-01 8.973503534427569548e+02
3.438065494335311723e-01 9.033311726435117635e+02
3.365187596968425843e-01 9.757029019991755376e+02
2.997846670050793305e-01 1.443249036123711448e+03
2.090076558504836979e-01 2.984768955014066250e+03
2.090567436735853435e-01 2.983137716260520392e+03
2.094506344343342041e-01 2.982291110685075637e+03
2.099405759750264111e-01 2.982587898611492619e+03
2.104304579202941894e-01 2.982693202116777229e+03
2.040983618331989324e-01 2.050172318720824933e+03
1.973047706442191407e-01 1.980791130963366868e+03
1.971528036282690910e-01 1.978483553790317956e+03
1.885961506077307726e-01 1.860700568031111743e+03
1.869440828606351301e-01 1.843731749227611090e+03
1.863136284968472389e-01 1.838133959400411641e+03
1.857661468541983163e-01 1.835558708728965257e+03
1.853954692346364841e-01 1.832368210587407702e+03
1.843071620995930249e-01 1.827485281840458128e+03
1.839705070697117972e-01 1.824366990896604875e+03
1.835914445489783553e-01 1.822567316908968451e+03
1.831906387924784607e-01 1.821414695057655308e+03
1.828142379333478895e-01 1.821351119843037168e+03
1.825793565499648774e-01 1.819142526825779669e+03
1.824828412719643189e-01 1.818275548103651772e+03
1.822879528774377922e-01 1.816540323740446411e+03
1.823058410187909928e-01 1.816722159133135619e+03
1.823029208512087496e-01 1.818019184881372894e+03
1.818896932464754979e-01 1.826482999257445499e+03
1.816795870778213362e-01 1.875681057831585349e+03
1.800336065247592487e-01 1.896807999745615689e+03
1.459762941619395793e-01 2.505116594837415505e+03
1.474965692740326517e-01 2.503435049263999190e+03
1.480308526869203445e-01 2.504577829770114477e+03
1.485294682598274907e-01 2.506600975463837131e+03
1.488994594167591390e-01 2.509183573582848112e+03
1.491406914583207621e-01 2.513068612551491242e+03
1.499166545869085043e-01 2.518530662997049149e+03
1.498366309795828022e-01 2.520482200277206630e+03
1.500111684748665353e-01 2.522028106640719216e+03
1.506743874295834451e-01 2.522791438776522682e+03
1.514289426914324499e-01 2.524353888465689579e+03
1.524682493903173619e-01 2.518872285975924569e+03
1.540038884915652384e-01 2.514817413968042729e+03
1.552323088329394252e-01 2.512559644549762652e+03
1.565210031445981864e-01 2.511573855663245922e+03
1.577131446376020540e-01 2.510996788587947776e+03
1.590621973095891206e-01 2.512288337408044754e+03
1.602590586087325186e-01 2.512532262438859561e+03
1.612752614197807133e-01 2.512784749415252008e+03
1.624498935057608617e-01 2.513765307089872294e+03
1.634878696847969770e-01 2.513194500034424436e+03
1.646975695970411546e-01 2.513427850444274100e+03
1.658991551677224674e-01 2.514456754978396020e+03
1.670866708594155592e-01 2.516416324255888412e+03
1.681531576060590338e-01 2.517809385983563971e+03
1.692260942779686139e-01 2.519602022624385881e+03
1.704093721242607162e-01 2.522489437793828074e+03
1.714953856741354699e-01 2.524426797596428969e+03
1.711755307895627964e-01 2.521042384259977553e+03
1.722698908959910957e-01 2.517487686550511626e+03
1.726678790439538647e-01 2.515774289790423154e+03
1.730551614141229155e-01 2.514876482052054143e+03
1.734381543646995039e-01 2.514749166694867654e+03
1.736691964947347233e-01 2.513957830369169187e+03
1.712077087895194361e-01 2.508437370055288284e+03
3.903930355544972253e-01 1.640447987199914337e+02
3.938082849593581569e-01 1.503034807288892978e+02
3.941713045867814014e-01 1.342515102166002237e+02
3.949630997138837696e-01 1.185511518253123171e+02
3.958189440613593124e-01 1.147791901560832883e+02
3.966499229668393189e-01 1.272228233782066127e+02
3.972698869102821995e-01 1.267665882559157779e+02
3.976712812953286380e-01 1.249286853157577184e+02
3.980124311815546045e-01 1.017821891713546449e+02
3.987522578400253259e-01 8.950252968851992819e+01
3.995287993769274792e-01 8.111254674718985314e+01
4.005956965259767077e-01 6.503917959683491290e+01
4.017648126783285312e-01 7.006067097955040879e+01
4.030233085453230335e-01 6.763608175937527278e+01
4.045737176689899184e-01 8.944732775886603804e+01
4.061747913737303595e-01 9.964572806406786754e+01
4.073609709368999909e-01 9.621367396905644398e+01
4.080948038413553802e-01 1.010357253545273295e+02
4.091801164035004379e-01 1.085391606097460198e+02
4.101325186382458465e-01 9.300439719492784718e+01
4.105184001808195315e-01 8.249279015882643762e+01
4.112491690544188838e-01 9.667603310778584103e+01
4.120710493803412811e-01 9.236938967553928137e+01
4.124088517754568861e-01 7.367491155874158437e+01
4.130085527443189131e-01 5.889618739713994700e+01
4.136128599584587562e-01 8.065773626591835921e+01
4.140556808454333715e-01 1.041059798544751089e+02
4.140195978875204630e-01 9.276189170517031357e+01
4.143872039724850742e-01 9.306467321845688900e+01
4.145895209623604027e-01 1.089190529684331352e+02
4.147592795250517050e-01 1.020824579428745977e+02
4.145729637787032851e-01 8.967022667008423298e+01
4.145137577531542439e-01 9.444515139432854767e+01
4.145872570741905294e-01 9.476980888468096964e+01
4.143757431735398122e-01 8.532818677870440638e+01
4.144568581253335604e-01 6.997884301173348831e+01
4.145493607663340851e-01 8.395712223163440058e+01
4.144911801525998918e-01 1.057338415771884428e+02
4.141369980193609912e-01 1.130252610273859659e+02
4.132559824398700510e-01 9.164345842802261188e+01
4.126289087273039558e-01 8.597581208721796031e+01
4.122945502059397471e-01 6.941938235689838166e+01
