4.839541150624765637e-04 2.325390479874036771e+02
2.914514157472729294e-03 2.210805509455062463e+02
4.240300726089587559e-03 2.189742030293734558e+02
5.592042345317659209e-03 2.237561616795977670e+02
6.920495251086274634e-03 2.344918832330884868e+02
8.080148456976644564e-03 2.416281633163223432e+02
8.783162208833040011e-03 2.479155537946407435e+02
9.302122422359188764e-03 2.587873359576639700e+02
9.717890950338339134e-03 2.612642399695238851e+02
1.067940914468985120e-02 2.641894651919544685e+02
1.120585949769618492e-02 2.627861942418854824e+02
1.212904351534641739e-02 2.631110028679059951e+02
1.261686226884742648e-02 2.578500601387269739e+02
1.319500025987998398e-02 2.579690132507388967e+02
1.363202134901714963e-02 2.554343343333437701e+02
1.499283340336120610e-02 2.569776370465262403e+02
2.287179830017962642e-02 2.838335634982400961e+02
3.526403180382446656e-02 3.222553133035551696e+02
2.397801617056017354e-01 1.021035325574889157e+03
2.403729684411324008e-01 1.019737050377790297e+03
2.399723185035138873e-01 1.018926005635826868e+03
2.397872590794950243e-01 1.019676810303589036e+03
2.396120191112812714e-01 1.021644676248751580e+03
2.395622169014008374e-01 1.025224198399914940e+03
2.393578267117170144e-01 1.029026965233374085e+03
2.395802531940029734e-01 1.029658437699546994e+03
2.392912287157200335e-01 1.029444729940893467e+03
2.391098301404108173e-01 1.026008513783073113e+03
2.390412227102874376e-01 1.024074674345361473e+03
2.389896822863402104e-01 1.023650736874885524e+03
2.389759190253191723e-01 1.020599345276234203e+03
2.391668094342182804e-01 1.018861342254518490e+03
2.393995969860155948e-01 1.017247037992134665e+03
2.398711700665714375e-01 1.014611527525617475e+03
2.403053769625642377e-01 1.013065491323557239e+03
2.408307196862821964e-01 1.012915319592566902e+03
2.412952630348777772e-01 1.013318877647776503e+03
2.418596779998000712e-01 1.014971913180750107e+03
2.421223196229997376e-01 1.010997406763269282e+03
2.427050422392505180e-01 1.008297115279801801e+03
2.432709761030031337e-01 1.006785561468774517e+03
2.437949906620120732e-01 1.006633302243926437e+03
2.445155850832712863e-01 1.006251438398408254e+03
2.450485946456850694e-01 1.005681711691710120e+03
2.456233417120427254e-01 1.007017925291738720e+03
2.466069415349358140e-01 9.959344407821322420e+02
2.461692962747936975e-01 9.842366719887708086e+02
2.460047447881233973e-01 9.744447844475287184e+02
2.458518740304725669e-01 9.662518392636858380e+02
2.457095458060225002e-01 9.597071259320604213e+02
2.455943330101141853e-01 9.546290003154841770e+02
2.454562818721379158e-01 9.502784115099830160e+02
2.451771448339453430e-01 9.472044770959602147e+02
2.448093110268608208e-01 9.443894547801702402e+02
2.442750841123402517e-01 9.430000109666033268e+02
2.443661435477702537e-01 9.337840717244035886e+02
2.436142574501963809e-01 9.245586799790210080e+02
2.434506216495646858e-01 9.157598033856498887e+02
2.431944314549952524e-01 9.082511787548927487e+02
2.433138668364918655e-01 8.987182692880305694e+02
2.430000324247300059e-01 8.902764217459014162e+02
2.427545637976293302e-01 8.831533276291822858e+02
2.424886404748836655e-01 8.777699427776618677e+02
2.402767589926016467e-01 8.649253204443457435e+02
2.411074677812711786e-01 8.563486809741535808e+02
2.410681704999629582e-01 8.505509929803124578e+02
2.409714866885817874e-01 8.463668303944283480e+02
2.409087591308504694e-01 8.441639021779278664e+02
2.399713086325526712e-01 8.538615938247452277e+02
2.343869779255400576e-01 9.041127709243410209e+02
1.973674503605566399e-01 1.214404522053505616e+03
-2.827527124539608479e-03 2.980599481712494253e+03
-2.920180473559891299e-02 3.235817713608892973e+03
-2.907549689537482218e-02 3.239039627605447549e+03
-2.918896948416155324e-02 3.238942616999674101e+03
-2.860055125051508274e-02 3.238750326252736613e+03
-2.817755258398161114e-02 3.238925298649272463e+03
-2.794297513652632334e-02 3.238892751505103661e+03
-2.754840196270707045e-02 3.239264485375764252e+03
-2.726189942750646689e-02 3.239668402222094755e+03
-2.650310912965516200e-02 3.239692174518295360e+03
-1.312831438298042892e-02 3.206916157904631746e+03
-1.236883586583610931e-02 3.207945696359222893e+03
-1.170745846550049277e-02 3.209589838417626197e+03
-2.198159531463019650e-02 3.245662632411502273e+03
-2.091978058357262665e-02 3.247689290580884517e+03
-2.086814953023563568e-02 3.248409840470925246e+03
-2.081354613670363674e-02 3.249605121731740383e+03
-2.072688243462795024e-02 3.250559651249851413e+03
-2.079116380257975405e-02 3.251848657159147933e+03
-2.079422751726410154e-02 3.253607656603811847e+03
-2.077258804401469622e-02 3.255795070238128119e+03
-2.069298045721225041e-02 3.257519235565554482e+03
-2.062655663353602647e-02 3.259557217632526772e+03
-2.043425717749732320e-02 3.261887198209093640e+03
-2.062490328667767117e-02 3.261410458043131712e+03
-2.078473795384228051e-02 3.261251022314694637e+03
-2.081531108737654304e-02 3.261784556820215585e+03
-2.083202190097966158e-02 3.262783159811901896e+03
-2.081273693434280286e-02 3.264146427434972793e+03
-2.067318174461408101e-02 3.265888439413669403e+03
-2.062213710259337696e-02 3.268053769575999922e+03
-2.058946153327859130e-02 3.270816804816670810e+03
-2.041786102480521933e-02 3.274089053610002338e+03
-1.980159847783337021e-02 3.275771943666016796e+03
-1.932763085622259819e-02 3.277888582544657766e+03
-1.884857757208560636e-02 3.280464453650087307e+03
-1.876460089091994132e-02 3.278899208187557178e+03
-1.896413910532491684e-02 3.277685102410602212e+03
-1.896636271534032567e-02 3.276425287121312977e+03
-1.905736125739844466e-02 3.275668798089974189e+03
-1.913144936889219286e-02 3.275412564877643035e+03
-2.015355486963526371e-02 3.259695368373947531e+03
-1.738744325430550616e-02 3.249570353675833303e+03
-1.732511417314299557e-02 3.247585755639308445e+03
-1.722892757255605270e-02 3.246128465909419447e+03
-1.713263196625944632e-02 3.245233593345655208e+03
-1.706468388033147848e-02 3.244341750297970975e+03
-1.726033582165209523e-02 3.243837461683942820e+03
-1.719199826932325120e-02 3.242241105214924573e+03
-1.791408380873425743e-02 3.660256086036295073e+02
-2.150957911815269338e-02 2.913528446233447653e+02
-2.185500363234131951e-02 2.986559002385695294e+02
-2.204276993666632461e-02 3.038687636273799626e+02
-2.194626848257419383e-02 3.078652221985401525e+02
-2.203239031444637411e-02 3.160119289608257986e+02
-2.191953698547265128e-02 3.212835034168589345e+02
-2.139830124691149277e-02 3.329512289632556872e+02
