2.554975272520502994e-02 5.686090281108204181e+03
2.472483626997348458e-02 5.707653538922985717e+03
2.462738482352155520e-02 5.708140266728762981e+03
2.811932410761234721e-02 5.700460625678172619e+03
3.162417534858832924e-02 5.692644398646114496e+03
3.209099446997035199e-02 5.692971882543816719e+03
3.179485985856607133e-01 2.568114542686222194e+03
3.212634709262014443e-01 2.458463343992662431e+03
3.215994200182145657e-01 2.459669108634748227e+03
3.218255436924873369e-01 2.462010502848727810e+03
3.223680288447532960e-01 2.458079426046255321e+03
3.240637544293196171e-01 2.452760900755818966e+03
3.250118447947979994e-01 2.449147693272558627e+03
3.341802529466650906e-01 2.421557070546359682e+03
3.854305913490594371e-01 1.797281764402709541e+03
3.916483208003059824e-01 1.715320452583044016e+03
3.928300997650649995e-01 1.700469274725838659e+03
3.938409261306472509e-01 1.689437336832600522e+03
3.947963620498716186e-01 1.682944984514981115e+03
3.957206272008180759e-01 1.677965761341450161e+03
3.967367906084323659e-01 1.674660897396209975e+03
3.977668372149655296e-01 1.670806739412408660e+03
3.989173917370593125e-01 1.669390157129039380e+03
4.000427556184674716e-01 1.670170596181558494e+03
4.007038574246781226e-01 1.662893964901197933e+03
4.003341822418523543e-01 1.655151817146573649e+03
4.009629158539861904e-01 1.648234974490336754e+03
4.013464277514237621e-01 1.645099405829467514e+03
4.011732642030342300e-01 1.650201200097009405e+03
3.980595692780619643e-01 1.692527135859420468e+03
3.886871231376612945e-01 1.815202458488982757e+03
3.334142166022380227e-01 2.609998197019847339e+03
3.336938879204788266e-01 2.610292925062665290e+03
1.931037857460771445e-01 4.448227897055188805e+03
1.844113482186909014e-01 4.585894002945206921e+03
1.661217412196764887e-01 4.529682166867479282e+03
1.662747301458826210e-01 4.483353906987270420e+03
1.660106053366479095e-01 4.476813726541417964e+03
1.660524970316888671e-01 4.473700456063493220e+03
1.660267147306484503e-01 4.471409582104174660e+03
1.660996948131691076e-01 4.470026940749513415e+03
1.662207425379728654e-01 4.469543895179721403e+03
1.662096454265303280e-01 4.469464266598036374e+03
1.661588694617150141e-01 4.470465772363330871e+03
1.660347511892569516e-01 4.472406930104883941e+03
1.656178597993737400e-01 4.478340878865006744e+03
1.519341069168547720e-01 4.284855349824445511e+03
1.995504034541467353e-01 3.856006410829256311e+03
2.011346332590672747e-01 3.853501930633053234e+03
2.018604465257008984e-01 3.856032281489579418e+03
2.025761183823210632e-01 3.858596288205877499e+03
2.033147892330967599e-01 3.863148513250362157e+03
1.954687734544532096e-01 4.296657444332555315e+03
1.962477438787311734e-01 4.302283088694525759e+03
1.960988867241100775e-01 4.309940594593651440e+03
1.966328127149860883e-01 4.314613223529634524e+03
2.232718448458094196e-01 4.861678882324903498e+03
2.241489084409644394e-01 4.865800017022469547e+03
2.242942865896841165e-01 4.868299340350963575e+03
2.240966875199924269e-01 4.871467466689539833e+03
2.239500662988755386e-01 4.875831306386342476e+03
2.237810601860848736e-01 4.880642459792989030e+03
2.215802954996772822e-01 4.850795382037505988e+03
8.718361630006500329e-01 4.879177164398345212e+01
8.726197588166176855e-01 5.768547796552711304e+01
8.736751198551194753e-01 5.864936467556417199e+01
8.744116472491947345e-01 4.423402442509504340e+01
8.752940491393211841e-01 6.813136287610736019e+01
8.756536644916463885e-01 4.625075363260421568e+01
8.752035968794589227e-01 4.552368957397834492e+01
8.754038795763846581e-01 4.485982423231199334e+01
8.761241507226698033e-01 7.256384684927760986e+01
8.766367308483745679e-01 4.717184447203261044e+01
8.767464104517751489e-01 7.451606489828131430e+01
8.776214520795130314e-01 5.265184864130667819e+01
8.783279980668959874e-01 4.534955219179087038e+01
8.790570029297661847e-01 4.558270991206525480e+01
8.794611501220955807e-01 4.738174439641505131e+01
8.798824595864572773e-01 4.507250437214909056e+01
8.799559170372125427e-01 5.009850763754950975e+01
8.793969530054615014e-01 6.598431434331007495e+01
8.797023429780587156e-01 4.880637637501514803e+01
8.798910248843607729e-01 7.052408196390022965e+01
8.796067121225361607e-01 1.075622761467458020e+02
