2.950339699471604127e-01 4.121579671427153698e+03
2.947674606258344765e-01 4.121932626931119557e+03
2.942187906216064963e-01 4.124544505100035167e+03
2.910472177338572219e-01 4.136922168955208690e+03
2.900008770887370635e-01 4.143338442336274966e+03
2.894523122158508266e-01 4.141293976335529806e+03
2.889250115216592807e-01 4.140533884375920934e+03
2.883272536099978356e-01 4.141031197479195725e+03
2.874798371877999581e-01 4.141373400107391717e+03
2.869309315491922474e-01 4.142691491279270849e+03
2.863968112171965674e-01 4.145260080562819894e+03
2.862802848253429011e-01 4.137555313648053016e+03
2.868529347080862602e-01 4.130816676693582849e+03
2.873685960384725346e-01 4.124777697684713530e+03
2.879784244063373633e-01 4.118862156823306577e+03
2.888787829824538411e-01 4.110697850559483413e+03
2.900291238861353871e-01 4.103692899533462878e+03
2.912892181159675298e-01 4.092349468549904941e+03
2.925549249402449870e-01 4.081752514854985293e+03
2.936340730514219732e-01 4.072765654249803902e+03
2.948258395434437129e-01 4.064371267549316599e+03
2.960809032997416823e-01 4.057017065928179363e+03
2.973668643883615736e-01 4.048360484463630200e+03
2.981384055200480554e-01 4.040015814097593193e+03
2.991507779490476526e-01 4.033010992952294600e+03
3.001724696194426056e-01 4.027062877527111596e+03
3.011700163052897228e-01 4.022315027395751713e+03
3.023456941723937641e-01 4.018049957279165028e+03
3.035937831298095579e-01 4.015139925367037904e+03
3.048523196530034118e-01 4.013840190446510860e+03
3.060845790312209935e-01 4.011822989258446341e+03
3.070932305208891600e-01 4.011175712721981199e+03
3.079804027659357457e-01 4.011958841362863041e+03
3.088082824528542991e-01 4.014005047291871961e+03
3.097401710960557275e-01 4.016577491567017660e+03
3.103226137580253341e-01 4.018088913685678108e+03
3.102488865106117211e-01 4.015878657015973658e+03
3.097933109575256583e-01 4.012574261754416511e+03
3.091744916253316156e-01 4.009659915433635433e+03
3.088376029426715408e-01 4.003775141813674509e+03
3.086594598225253505e-01 3.999354690053217382e+03
3.086091522303331391e-01 3.993763950592446690e+03
3.082792159396253728e-01 3.989138507864331132e+03
3.082964856786447605e-01 3.984456329287123936e+03
3.080452511235181046e-01 3.979905630161243153e+03
3.080248835182219924e-01 3.976506035901486939e+03
3.079892651019888183e-01 3.974449377261493282e+03
3.078629036961791354e-01 3.973270732066743221e+03
3.075230236449134624e-01 3.972439063484999224e+03
3.070944714588588198e-01 3.973115769671182534e+03
3.067556720545713267e-01 3.974436803796767890e+03
3.060990394404678461e-01 3.975095910149233532e+03
3.057614008073057388e-01 3.976253880569140165e+03
3.052608884758624685e-01 3.977343841092966613e+03
3.043521198977846565e-01 3.978792533175454082e+03
3.033087013606917681e-01 3.981392821315559559e+03
3.027556121776110998e-01 3.981430137651729183e+03
3.020478057193584087e-01 3.982950115119513612e+03
3.014020501434250265e-01 3.986030793146828728e+03
3.008455445597988387e-01 3.989290529086381412e+03
3.000207951558256370e-01 3.995204992146533641e+03
2.990805001203119540e-01 4.004993511994135588e+03
2.977644314245177504e-01 4.020202934486500453e+03
2.941023100136567758e-01 4.056879124187428715e+03
2.922565693029536837e-01 4.041044979101588069e+03
2.928058436333338399e-01 4.033191535850907712e+03
4.184513749289286988e-01 1.782327393965385681e+03
4.195799230951331449e-01 1.751068258289964433e+03
4.095381490736454411e-01 1.720385669481016976e+03
4.054266841734593396e-01 1.711145424952580925e+03
3.517291116241509363e-01 1.199775196174837674e+03
3.511390282246219519e-01 1.191730044930426402e+03
3.340215792839550946e-01 1.067166318991055050e+03
3.303116444360066351e-01 1.055624250159036364e+03
3.229387021758343690e-01 1.162945499558825986e+03
7.503890739779636720e-02 6.914320834100525644e+03
7.508847422946207661e-02 6.914289710527025818e+03
7.509706538619154159e-02 6.915755244995080830e+03
7.507441019813441974e-02 6.918070727166141296e+03
6.354277654889745053e-02 7.132712186569106962e+03
6.358077269020502575e-02 7.133804216446366809e+03
6.360787474252879714e-02 7.135699839591874479e+03
6.362974334831789092e-02 7.138528344414547973e+03
6.356948507101442547e-02 7.143630723337269046e+03
6.324218210185289513e-02 7.137953035462205662e+03
6.344367953806251403e-02 7.133890586833474117e+03
6.347671861652416647e-02 7.132766806377700050e+03
6.357639360356970304e-02 7.133795889724412518e+03
4.352522215015352039e-03 2.790278028513839672e+03
7.175293027455346972e-02 1.523669625582474509e+03
7.326188607581166079e-02 1.476128577053325444e+03
7.407282519377178520e-02 1.480688142527096261e+03
7.514356265095437082e-02 1.489586726855375673e+03
7.598698469234926867e-02 1.493870003430281258e+03
7.694074159749103581e-02 1.502581416880105053e+03
7.695656983049452282e-02 1.574939331476084817e+03
7.366748578755616395e-02 1.784466951284609422e+03
7.332522403961297397e-02 1.802367413664935384e+03
-3.432979031676570980e-02 6.912458646900290660e+03
-3.419999375062201391e-02 6.913232294068528972e+03
-3.479261677742301329e-02 6.914544512128092720e+03
-3.524025107893844627e-02 6.914345334709139934e+03
-3.401210763364699574e-02 6.906974922177664666e+03
-3.367777744303734888e-02 6.906819521354943390e+03
-3.329611494725927268e-02 6.905988731869336334e+03
-3.285880169820398072e-02 6.906281786983887287e+03
-3.249318298934147226e-02 6.908157218264311268e+03
-3.212467927069958401e-02 6.910352777729993250e+03
-3.188983625606278682e-02 6.913094108961144229e+03
-3.076737935151797540e-02 6.909808676714110334e+03
-3.006808996598925310e-02 6.912141770854887909e+03
-2.969826462114321872e-02 6.917073592387191638e+03
-2.935121987363746576e-02 6.922185212061254788e+03
-2.916541665508989162e-02 6.928483056590464912e+03
-2.895322652872728969e-02 6.935404082921005283e+03
-2.928987522837548513e-02 6.990197234998810927e+03
-2.898254824515083400e-02 6.989578926367181339e+03
-2.849396489652476425e-02 6.989719920019204437e+03
-2.798866542824932774e-02 6.990738747983260509e+03
-2.759253862731375975e-02 6.991347036807471341e+03
-2.744509114571447306e-02 6.988548602699722323e+03
-2.726627444303736034e-02 6.990664178543687740e+03
-2.703227900452937621e-02 6.998336504287290154e+03
-2.675195636994617474e-02 6.996220709469291251e+03
-2.707862182623122643e-02 6.996272810836174358e+03
-2.748512121492424284e-02 6.997577613421065507e+03
-2.802618225570065874e-02 7.001519779345022471e+03
-2.825116197909727928e-02 7.000140874766039815e+03
-2.793908689850858884e-02 6.999339124357684341e+03
-2.729544580490098071e-02 6.997911383922117238e+03
-2.772510360519300776e-02 6.994563988326577601e+03
-2.734630422743594691e-02 6.992386777912779507e+03
-2.719318637350579687e-02 6.992379927855561618e+03
-2.706584772301945385e-02 6.993265681433060308e+03
