2.272390106782535835e-01 2.313908805339494393e+03
2.267646886609975820e-01 2.316747731360102534e+03
2.256398856037658274e-01 2.322340946710055050e+03
2.247304360665363376e-01 2.332082255946726491e+03
2.241931004346354728e-01 2.317362543704709424e+03
2.236145125603621331e-01 2.308752487553550054e+03
2.234537910532012339e-01 2.308838339366397122e+03
2.238709544322486089e-01 2.322274519030188003e+03
2.237137242277454086e-01 2.328895025496768994e+03
2.230944758241713843e-01 2.327951434006315139e+03
2.226638766971625605e-01 2.330843221002740393e+03
2.222281136501264298e-01 2.337967977465046260e+03
2.218281713238548225e-01 2.341756403442901501e+03
2.213257523613502142e-01 2.346829805257297721e+03
2.207083784146791072e-01 2.353758222144388583e+03
2.203775775023057715e-01 2.361695421340025405e+03
2.198287120259639904e-01 2.369852260225376085e+03
2.191057962329519271e-01 2.379380343513649677e+03
2.180214260121117187e-01 2.388960933756975919e+03
2.167196415586216673e-01 2.401766893830912977e+03
2.155559071380872549e-01 2.417944001559047592e+03
2.143064328449062472e-01 2.434924403472016365e+03
2.124996358855174017e-01 2.457119917014529619e+03
2.088457862656857844e-01 2.501766735375610551e+03
2.074499725071957401e-01 2.477396750432538283e+03
2.068675157558633182e-01 2.464423303673136616e+03
2.061195259175622463e-01 2.457483186442343140e+03
2.055530817708951519e-01 2.453417040474389523e+03
2.049749944673682212e-01 2.452642766654931620e+03
2.043794021480514755e-01 2.453613681049439037e+03
2.036021307734473818e-01 2.457199567879786173e+03
2.027122111524442827e-01 2.465044489363128378e+03
2.015746403239865592e-01 2.478372022877525524e+03
2.002697094966887914e-01 2.498169797238801038e+03
1.993910480367603877e-01 2.518627190684878769e+03
1.839763547630739182e-01 2.644967805774047520e+03
4.831409279908278204e-02 7.230476661232233937e+02
8.329247172377980679e-02 6.811124368980543409e+01
8.714777923830514805e-02 6.106056054025224000e+01
9.104294378665829524e-02 8.608076233360397111e+01
9.497349480939450139e-02 6.165845346460243803e+01
9.903041889612629323e-02 7.955550119105735973e+01
1.029764878059819116e-01 6.733666248454093761e+01
1.070166718672540401e-01 8.132001214672136769e+01
1.108858556978470078e-01 6.283361983043833732e+01
1.147639512959790914e-01 9.320528882685950123e+01
1.186960994069855280e-01 1.444157924071074888e+02
1.226515547401673956e-01 2.133278426429150159e+02
1.267571556675237410e-01 1.556602381325736246e+02
1.311021655796129337e-01 1.347652720962811941e+02
1.352524178227182128e-01 1.233552136671704318e+02
1.390558911948938103e-01 7.841625487474185263e+01
1.423040848071168429e-01 8.206122335940568746e+01
1.454898302805045229e-01 1.183408682722365057e+02
1.484565911038978336e-01 6.522522896966029293e+01
1.509904978433420364e-01 7.177768178027925217e+01
1.537587682020951640e-01 6.539065559292639307e+01
1.563654949557356233e-01 7.070129165245514002e+01
1.587264681123505272e-01 6.229325373907382613e+01
1.612151909142825468e-01 6.343559167836782819e+01
1.636640765954907872e-01 9.544107975251446874e+01
1.659377806174356096e-01 6.472376980651887379e+01
1.679928852770797842e-01 1.021484834809507447e+02
1.702267924366952234e-01 7.218661551006393040e+01
1.721240549346284288e-01 6.709592028576112455e+01
1.738565963909426970e-01 6.182799487622995827e+01
1.756382745144948188e-01 6.551905268180944120e+01
1.774405975626624776e-01 7.155182181272769526e+01
1.791239919792490254e-01 6.221022993622868569e+01
1.809944418688921863e-01 7.898326899287359026e+01
1.827836195868575431e-01 7.962715421539657257e+01
1.841457091118039735e-01 6.425495106045509885e+01
1.851563086644621436e-01 7.049601816670883636e+01
1.864422874117938334e-01 6.531415475098883405e+01
1.875717314285133552e-01 6.483845569008030907e+01
1.886855612620276790e-01 6.158947502428077314e+01
1.896928688142888730e-01 7.665131774916628160e+01
1.908134708685640113e-01 7.276583517486534447e+01
1.915946421621552431e-01 1.117707431631030346e+02
1.925175302603562844e-01 6.939139419891402838e+01
1.932000664080076868e-01 9.073802768639363592e+01
1.938814062378616254e-01 1.374435586212863711e+02
1.943378035174299356e-01 1.549704895960966837e+02
1.942664828447265291e-01 1.014109597659457904e+02
1.942033673808824246e-01 1.398341357303409893e+02
1.943653069295838698e-01 9.402643053577472187e+01
1.943129929263677502e-01 1.455586500535142704e+02
1.942641612411322993e-01 1.710547330581890719e+02
1.939782621614717928e-01 1.701421552297248638e+02
1.939201181385978856e-01 1.567837718449981423e+02
1.936959379119524982e-01 1.313572647868572858e+02
1.929620858409032413e-01 8.570624027763702202e+01
1.928421900090475649e-01 8.555140124663944334e+01
1.926690587790299558e-01 9.249972599814553575e+01
1.928505702754846063e-01 1.379058343929912951e+02
1.929027164224667301e-01 1.521588742029374259e+02
1.929616142372236332e-01 2.227360626675979915e+02
1.930060989342277655e-01 2.751299470071969040e+02
1.933045593580165200e-01 3.395307981804234032e+02
1.933142054701628421e-01 2.966072968191027712e+02
1.942037790172291278e-01 2.569747583246531804e+02
1.948486997642147611e-01 2.026824631573981037e+02
1.958274983717254447e-01 1.868064163298305118e+02
1.967634960222905127e-01 1.710995953162281182e+02
1.980098571346803338e-01 1.763514260228342323e+02
1.990372814977652283e-01 1.457228502812280908e+02
2.006339834246186615e-01 1.210741314134564135e+02
2.019322678089101875e-01 1.266423106358471671e+02
2.036274178041466987e-01 1.262583451130307566e+02
2.049951080945298654e-01 8.550753537612619937e+01
2.060602156307048405e-01 1.320076766960773966e+02
2.073209335450551249e-01 1.642015177913192190e+02
2.083105546915198503e-01 1.798077815519252169e+02
2.089619514780037823e-01 1.754222233471834329e+02
2.095748351376583718e-01 2.169847620107380521e+02
2.102436062111670834e-01 2.103847176910798282e+02
2.103967885847577435e-01 1.948529501568253863e+02
2.100470905154775136e-01 1.393932609112947603e+02
2.104377448336457179e-01 7.835044191167720840e+01
2.108321910222316076e-01 8.982207892553321926e+01
2.112842929760642696e-01 1.657050400321417953e+02
2.117427053892237399e-01 1.343295362766219796e+02
2.112997274372595269e-01 8.040530335314984711e+01
2.104797954904033264e-01 9.834114770608266554e+01
2.099899982146512245e-01 1.381254343837063630e+02
2.094500178670712642e-01 2.029029700310643705e+02
2.091467649264919515e-01 2.154957152546087400e+02
2.086022194988879641e-01 2.466480013381199683e+02
2.082900348309710825e-01 1.907783051087825470e+02
2.080248043949863568e-01 1.662656060092582493e+02
2.121892412458340482e-01 2.438127798889183566e+02
4.726723483777982571e-01 5.378805246302139494e+03
4.729693564697011743e-01 5.379330471955800022e+03
