3.788254154622681114e-01 1.751880637860656179e+03
3.794521627709035450e-01 1.745285929337372409e+03
4.384470406975049528e-01 2.033319028576038818e+03
4.398115994361376790e-01 2.022369275707074848e+03
4.397282451425781891e-01 2.012521064929944259e+03
4.401945386519273140e-01 2.004453898758314608e+03
4.406052548186074058e-01 2.001503343056992890e+03
4.409916101302355229e-01 1.999790719557008515e+03
4.413628795792731707e-01 1.997278384748496592e+03
4.414736158121078669e-01 1.993586189106285019e+03
4.411357711600921716e-01 1.981990927625709219e+03
4.403144690610826806e-01 1.971992395640874520e+03
4.398363288222850165e-01 1.965477754289294580e+03
4.394586004087611131e-01 1.951222253020815970e+03
4.388668479348525331e-01 1.941283274276911243e+03
4.384450429933213211e-01 1.933130209368389615e+03
4.378312054826563604e-01 1.926475688776748939e+03
4.375746511000245254e-01 1.920445404425556717e+03
4.373989588229964531e-01 1.916355915336027238e+03
4.374298474052765728e-01 1.912982136495239047e+03
4.373656232060215698e-01 1.909052713054378273e+03
4.374311013512214852e-01 1.906582932670208947e+03
4.375351297381607218e-01 1.908181356647770372e+03
4.377913657323553864e-01 1.883643477861714018e+03
4.378721629496492018e-01 1.863313514077055061e+03
4.384776703118762331e-01 1.842563559313630321e+03
4.390808798766409615e-01 1.823493362084153432e+03
4.398673386900615601e-01 1.806439604189850115e+03
4.407821491501903166e-01 1.793095908528365953e+03
4.415645751834205157e-01 1.779177257024888149e+03
4.421836165935522645e-01 1.768943602945549401e+03
4.433454618882900489e-01 1.752950774901485829e+03
4.445022320092053003e-01 1.742487809877183508e+03
4.455177688932566715e-01 1.733828450152385585e+03
4.462279356273217701e-01 1.727331576835932310e+03
4.473590896399298744e-01 1.721925393410733932e+03
4.485681464873523261e-01 1.716551410160452861e+03
4.498230010915904020e-01 1.716186978855063899e+03
4.510278141305631983e-01 1.716028197543980241e+03
4.520145727204970543e-01 1.719153347627674293e+03
4.533005176022432692e-01 1.721805062788530677e+03
4.542647277381424709e-01 1.715009851911510168e+03
4.547908751282346840e-01 1.710234602397317531e+03
4.555013010034019150e-01 1.706538502182464981e+03
4.564258645019894090e-01 1.705673711983030898e+03
4.573033302434202918e-01 1.710265419060698150e+03
4.582243945695613219e-01 1.719267579845787168e+03
4.589958516036045655e-01 1.729881669183576605e+03
4.594854248329816593e-01 1.741658393363631831e+03
4.604546495450325683e-01 1.753919201598033851e+03
4.613710314916075750e-01 1.770770603873862228e+03
4.619812281290461842e-01 1.778916274103559090e+03
4.618237606729271305e-01 1.781161260102171127e+03
4.610203010775847932e-01 1.782839210960964238e+03
4.606330556771549567e-01 1.781503601335276471e+03
4.600801280027783102e-01 1.785909163765207722e+03
4.599652495991970458e-01 1.784042811831274776e+03
4.603406409265445309e-01 1.745364927987348437e+03
4.936463643578849481e-01 1.604295486186690823e+03
4.945112743377415021e-01 1.561177348598551589e+03
4.946570598891240622e-01 1.530112419228214321e+03
4.937113503690563898e-01 1.499005486823257797e+03
4.929838098266865476e-01 1.477191460703845451e+03
4.929810559525669156e-01 1.458682932390657697e+03
4.929802379107721122e-01 1.445336770368480757e+03
4.927405031214734388e-01 1.431936204009879020e+03
4.928740108432716482e-01 1.422554300558076420e+03
4.927832091756744193e-01 1.414749852889172416e+03
3.383261642148360782e-01 4.582096195736829713e+02
2.784999500897678559e-01 9.244324283053248337e+01
2.785309916054196089e-01 6.478132079588436909e+01
2.791604046730059574e-01 6.081531739289184202e+01
2.797985191478798983e-01 9.883598608853203871e+01
2.805045341952569493e-01 6.883083554894433576e+01
2.809352879291781568e-01 6.446726277407509542e+01
2.812363662478873927e-01 8.126151251844970602e+01
2.816216601047302759e-01 6.104614381778472421e+01
2.820495795786838733e-01 6.608398482410336783e+01
2.824509879497978382e-01 6.982913914512107567e+01
2.826031790939611543e-01 6.359673177441742808e+01
2.825912162489816470e-01 6.241449829337563671e+01
2.825088781517801628e-01 6.150264204607708507e+01
2.824257261668352004e-01 6.131627839154194248e+01
2.823128889474928460e-01 6.285066708988788520e+01
2.821364941770658219e-01 6.068659328370249284e+01
2.819682382253618780e-01 6.133167505657989693e+01
2.817898242397962050e-01 6.197566964227522845e+01
2.816548360502047488e-01 6.186525406192313881e+01
2.815451963667693902e-01 6.054277444462248781e+01
2.814372196930819969e-01 6.234292910076409555e+01
2.813468830937774778e-01 6.237042016593419191e+01
2.813103418952500046e-01 6.206264031713065066e+01
2.812675151319950495e-01 6.180014911015587842e+01
2.812926891532241402e-01 6.172305294833108746e+01
2.812792877284270854e-01 6.162055438034651900e+01
2.812881050658430637e-01 6.393317558269158241e+01
2.812416219462904321e-01 6.116419732959197120e+01
2.812469174992965337e-01 6.157599627569606326e+01
2.812256490520411156e-01 6.141009262216314823e+01
2.812143606811483010e-01 6.342536738160659837e+01
2.811316795178770422e-01 6.792804230527434584e+01
2.811849259353341179e-01 6.555330421360075377e+01
2.810510397093878843e-01 6.736547424763196545e+01
2.811913636854163623e-01 6.170553928388557807e+01
2.813111207275555969e-01 6.073750423066274351e+01
2.814449657149669659e-01 6.129662393116107921e+01
2.815908001013660567e-01 6.197696106195837018e+01
2.817737776753597712e-01 6.066805308494743798e+01
2.819460620422730712e-01 6.098681102012102428e+01
2.821156963330897494e-01 6.086794265491873546e+01
2.822687281558484695e-01 6.126933512797053538e+01
2.824014515075141674e-01 6.088852125860376674e+01
2.825597412032283540e-01 6.084641124989610717e+01
2.827185358282625072e-01 6.367524541853396158e+01
2.829156282478514362e-01 6.228458947352445563e+01
2.830149520302972510e-01 6.289417196553655032e+01
2.829978344560254433e-01 6.096302819944718721e+01
2.829374372696837336e-01 6.129387837002366268e+01
2.828386486857976112e-01 6.064419929922267016e+01
2.827459581021433688e-01 6.070032477690792660e+01
2.826583557663296942e-01 6.086004494833813538e+01
2.825758529845229239e-01 6.096398074429591674e+01
2.824800772678756622e-01 6.121456146060568670e+01
2.824072220480923767e-01 6.087816420295658304e+01
2.823522081271221951e-01 6.116682134022118333e+01
2.822974332048692192e-01 6.163793291849870570e+01
2.822644418546308431e-01 6.062466636910371420e+01
2.822177234996372519e-01 6.417016387605464445e+01
2.822174224261175257e-01 6.450830867469581165e+01
2.822886066719193510e-01 1.053494514445725372e+02
