2.728983131359747349e-01 5.706608748649285872e+02
2.728996845737859944e-01 5.737698097766873389e+02
2.729789348564544693e-01 5.807302862811044406e+02
2.728507039915952781e-01 5.745483454172577922e+02
2.731434831751459180e-01 5.694482933111593184e+02
2.733199931565329366e-01 5.797417974850221754e+02
2.739538077266275851e-01 5.527736106788529469e+02
2.742775398034868473e-01 5.407290008321102732e+02
2.745009449530855239e-01 5.458271621869973842e+02
2.748156208790991650e-01 5.649715830710420050e+02
2.750255773833930606e-01 5.792461419879069808e+02
2.759393849555699663e-01 5.633917938826430145e+02
2.766705594846696759e-01 5.643252895010126622e+02
2.776009772911265938e-01 5.745132059025754643e+02
2.782829049960393042e-01 5.557493511575208913e+02
2.792890425937497034e-01 5.469439028368102527e+02
2.802085985915716004e-01 5.520403327996923508e+02
2.814263720923530498e-01 5.326439251814192630e+02
2.828414738411030860e-01 5.155206910516438938e+02
2.843099981962859402e-01 5.149653562423089852e+02
2.856636396655029553e-01 5.217702190648441274e+02
2.866930055213570139e-01 5.255042751463338391e+02
2.880170882034217561e-01 5.299300656605215636e+02
2.895636350709083207e-01 5.310429513622062814e+02
2.908536669458587354e-01 5.343872986027211027e+02
2.926064306496861112e-01 5.242777614884732884e+02
2.939077727797504425e-01 5.005200581796815413e+02
2.945955538666868434e-01 4.675963357700650818e+02
2.954334623469530019e-01 4.500509635861757260e+02
2.962587826042302197e-01 4.569427011888881793e+02
2.970867579605150355e-01 4.794997304861180965e+02
2.978837248403574667e-01 5.166187848827212292e+02
2.986850801335364514e-01 5.420063242436735891e+02
2.991845860732187390e-01 5.736167871350204450e+02
3.000579603287631958e-01 6.059693323462266790e+02
3.005977086829961231e-01 6.218230750612971178e+02
3.009824996776873096e-01 6.459257613329591550e+02
3.011695736048074501e-01 6.803213925355584024e+02
3.017889799289236730e-01 6.908354778162174625e+02
3.018767802322037119e-01 7.011206430039584347e+02
3.029485316839077291e-01 6.741785448886811309e+02
3.036403227755504752e-01 6.486192672112266564e+02
3.041073271199974393e-01 6.359052209276427448e+02
3.047017411887051330e-01 6.329015632292474720e+02
3.051011182310858216e-01 5.721969965073399180e+02
3.065093785643421831e-01 5.138871944506324780e+02
3.077652758533155897e-01 4.685960853261274224e+02
3.090862240573830633e-01 4.362184688522703482e+02
3.103539813419912141e-01 3.901436370772693181e+02
3.115636931800263576e-01 3.629750972896906660e+02
3.126414795275251346e-01 3.468832264412341146e+02
3.137971740014196542e-01 3.578170927997524586e+02
3.148437252529138197e-01 3.702816899880107826e+02
3.155285950667338080e-01 3.718463041005904302e+02
3.166150339915014822e-01 3.790560338612397118e+02
3.176047436142115377e-01 3.932439207568780262e+02
3.183143991288453489e-01 4.088641029313241120e+02
3.189916124552244492e-01 4.488470964351240582e+02
3.195800053051290335e-01 4.992820941024349963e+02
3.202988145663981379e-01 5.621276775179212564e+02
3.209849283273882858e-01 6.246547197448696807e+02
3.222648103618054316e-01 6.342486988891334931e+02
3.232963017046461829e-01 6.475863873701391640e+02
3.249144760082650629e-01 6.352060982570976648e+02
3.267471579212182786e-01 5.840132114064915640e+02
3.281756596137245796e-01 5.426534633283013136e+02
3.296378751777521154e-01 5.140995507106792957e+02
3.310390618114412153e-01 4.683829494434778553e+02
3.319390674365890193e-01 4.245290051672105847e+02
3.327498563425571043e-01 3.771403739318590738e+02
3.338622220891245274e-01 3.406479051027505989e+02
3.348313819589018303e-01 3.119365897407634520e+02
3.358586612513866365e-01 3.197823629976476809e+02
3.369458876644799150e-01 3.427777305913513146e+02
3.379609369767226368e-01 3.884406034203819331e+02
3.390740026685155617e-01 4.363647162366094108e+02
3.403218556309626774e-01 4.743736301476666881e+02
3.417111445172906214e-01 4.780120910120213011e+02
3.435023217796930872e-01 4.929663260606388917e+02
3.453249494776269857e-01 5.249310572070296530e+02
3.470861185921043091e-01 5.661260391627841955e+02
3.486313392513237797e-01 6.064050933272227439e+02
3.501376342305206890e-01 6.572338036231981278e+02
3.518550729961641421e-01 7.060653784646642634e+02
3.553468123851493132e-01 7.684247276026130749e+02
3.568359891953543084e-01 8.100739355636832215e+02
3.579430612005559675e-01 8.508416600264192766e+02
3.593285759366711685e-01 8.870303296113706892e+02
3.606601247602406746e-01 9.186183284625458327e+02
3.623562891069006531e-01 9.583779883493400575e+02
3.665564851706680227e-01 1.018957081688536732e+03
3.935729093594336758e-01 1.200616285474708548e+03
3.952536866152726591e-01 1.238482844511359190e+03
3.970184104151242011e-01 1.266968014616738856e+03
3.988334643191173701e-01 1.297363000823808534e+03
4.008846343194624184e-01 1.334208771469873454e+03
4.026225634094577344e-01 1.360244682682244274e+03
4.041418430050244814e-01 1.391624611750941312e+03
4.056729176804545478e-01 1.428282302144092455e+03
4.070708776637049775e-01 1.463158058225231116e+03
4.083917704039116137e-01 1.493386064944801092e+03
4.100336341392688544e-01 1.527399527351780307e+03
4.117697788146270077e-01 1.566459968860118352e+03
4.135817748456632748e-01 1.608099624079733303e+03
4.144015122840492005e-01 1.623179871497628483e+03
4.145975283853928217e-01 1.640464315718575335e+03
4.154048095643427807e-01 1.658512320493189463e+03
4.161816280641232324e-01 1.681764710977221512e+03
4.170476078572952217e-01 1.707734158664472488e+03
4.179934000500248881e-01 1.738693418226525637e+03
4.189025253928883030e-01 1.763685722563433956e+03
4.200976966230261511e-01 1.792672686352891333e+03
4.212099161508880418e-01 1.814694287510008053e+03
4.215042707171908765e-01 1.831559501984202598e+03
4.222951728005461813e-01 1.850986691950374507e+03
4.234348414655517145e-01 1.843693252903731491e+03
4.248921952362261778e-01 1.840646497768333120e+03
4.262634200601561063e-01 1.841121911726555936e+03
4.276039459600646797e-01 1.846761687262087435e+03
4.289422678663875610e-01 1.857836570908016938e+03
4.302647693041213306e-01 1.871702872221190773e+03
4.313668109076345680e-01 1.887225265413901752e+03
4.320767839017087275e-01 1.899004100164758256e+03
4.323855114281944245e-01 1.913624233746631717e+03
4.327574880943358959e-01 1.933673343439387281e+03
4.329938197058265104e-01 1.949036130189492951e+03
4.325704351577135953e-01 1.957008385163235062e+03
4.330459633777027362e-01 1.961376099492289768e+03
4.325909711737917496e-01 1.978264485645822106e+03
