4.304069294787706279e-01 2.596924965479480761e+03
4.308696984839263666e-01 2.600371444878749571e+03
4.311741639691214489e-01 2.599726786780101065e+03
4.303801823932812409e-01 2.588617289267362594e+03
4.306065521129227025e-01 2.578649188450493511e+03
4.307834906294352173e-01 2.573074405914015188e+03
4.309197111499514787e-01 2.570918990684338951e+03
4.307611704362260818e-01 2.562308728234391765e+03
4.301001673341073306e-01 2.553244525417321711e+03
4.303395668169427979e-01 2.540612114895878676e+03
4.302344262278325338e-01 2.524855734979652425e+03
4.306689660984837631e-01 2.510020327590269972e+03
4.311000986567868343e-01 2.498181818281041160e+03
4.315161125884556248e-01 2.489488553828873592e+03
4.320947038781127181e-01 2.482360590908125232e+03
4.322798501873611476e-01 2.466237003391637245e+03
4.318528210601562112e-01 2.449755569225205363e+03
4.313894222592353778e-01 2.424638209416070822e+03
4.315702151858503144e-01 2.401388693685555609e+03
4.317594719960458627e-01 2.379839439620168378e+03
4.319058019019638706e-01 2.361319948682873928e+03
4.319597441724494780e-01 2.346321226990202831e+03
4.320636216157479614e-01 2.334933935022495461e+03
4.321148500490807898e-01 2.322655637567156646e+03
4.319171576188092221e-01 2.312315269349776372e+03
4.321531220427776154e-01 2.302190448656672743e+03
4.321794441348114080e-01 2.289480003205659159e+03
4.325210698859078828e-01 2.279728538231136554e+03
4.329142998652008578e-01 2.259740440107320410e+03
4.329960811650439556e-01 2.242240200515022480e+03
4.335338837890946317e-01 2.227049427894734890e+03
4.340182453299927801e-01 2.215787972341188379e+03
4.345237773332469855e-01 2.208840788464045545e+03
4.350353596162808700e-01 2.205713850439896760e+03
4.355128745074937080e-01 2.206944371491105358e+03
4.360391163699179895e-01 2.212931019693266080e+03
4.364772100813342770e-01 2.218824134209219210e+03
4.365075719383916253e-01 2.224605677993559311e+03
4.366763019038768512e-01 2.234413966406852978e+03
4.368259015940969547e-01 2.248602011230978405e+03
4.369144627771215927e-01 2.265606425744648277e+03
4.367278289769787047e-01 2.283437381141971400e+03
4.365940365857898797e-01 2.305383376880777178e+03
4.366360459408281103e-01 2.331798886040889556e+03
4.368026178395928993e-01 2.369498974350356548e+03
4.368074454017796815e-01 2.394724319452136115e+03
4.367409967981513153e-01 2.409328172348471981e+03
4.375434202464616451e-01 2.419963513753548796e+03
4.382358484485882610e-01 2.430723996951433492e+03
4.389708154495705617e-01 2.441300263440144590e+03
4.391052783205224852e-01 2.447715120457503417e+03
4.395439661284232802e-01 2.456706657318602538e+03
4.398595333822423181e-01 2.464906239267831552e+03
4.403552783179443542e-01 2.474042203180276374e+03
4.408857763208112179e-01 2.483266638463224808e+03
4.417189118849616514e-01 2.491097889323352319e+03
4.423974937361171422e-01 2.502031773543535110e+03
4.431484104936638246e-01 2.509184614136741857e+03
4.438518677983903093e-01 2.520237196041503466e+03
4.446517608455420878e-01 2.534736394569113145e+03
4.454009991564694682e-01 2.544243725623530736e+03
4.454041008534618262e-01 2.547188863014710023e+03
4.448251057809587405e-01 2.542556809885265011e+03
4.443501990148469027e-01 2.541674215493667361e+03
4.441380885708676174e-01 2.540653958153282929e+03
4.437903597036523262e-01 2.540688714218556470e+03
4.429303968371683387e-01 2.539424489359367726e+03
4.426645890252370874e-01 2.538408141754893222e+03
4.422866999224824291e-01 2.533593818376328272e+03
4.428338554946829042e-01 2.525140586855324273e+03
4.429747820928193192e-01 2.516234832342074696e+03
4.429948220252578062e-01 2.511869575955953223e+03
4.430160667545581243e-01 2.492691333083941117e+03
2.347625624551889501e-01 1.860625699925602134e+02
2.332691765637140147e-01 1.847255985891708576e+02
2.349068349791499088e-01 1.613139470030100426e+02
2.363623195420469503e-01 1.450636794322381604e+02
2.382889128868423967e-01 9.134905863200992826e+01
2.397217270972455960e-01 1.032338456193676137e+02
2.410334306310309149e-01 1.756493981713161645e+02
2.422894820606095456e-01 1.519491126570229653e+02
2.425269268492783736e-01 7.956377503064528867e+01
2.427017263131287517e-01 6.780344465922225083e+01
2.431196185689103451e-01 7.086327835907992778e+01
2.433886916193464534e-01 6.513505291326764279e+01
2.433770877643400277e-01 6.355079728837623776e+01
2.435532682160820861e-01 6.120727590085077452e+01
2.437220731419062203e-01 6.380474861697794609e+01
2.439231019664157285e-01 6.103884390259243276e+01
2.441456288275323239e-01 6.433338571835685116e+01
2.443732344427924918e-01 6.266622916445061975e+01
2.445053194117110806e-01 6.581058200201877639e+01
2.445218265611201203e-01 7.888170310194757917e+01
2.442662344060885504e-01 6.030491023192686839e+01
2.440810371268158641e-01 7.217160797636022096e+01
2.439770972482509515e-01 6.701640895901968520e+01
2.441579479301273503e-01 6.427351839909853481e+01
2.442212892100767418e-01 1.006613104048119567e+02
2.440767837433820142e-01 9.427420882552928560e+01
2.432977937582609385e-01 6.205716636846103285e+01
2.427509575152035914e-01 6.110865289219238861e+01
2.422195988406262712e-01 6.255709808879895206e+01
2.416563034433315549e-01 6.125689980922251721e+01
2.411311497242511204e-01 6.138181300808944485e+01
2.406101546025395943e-01 6.213597453260089765e+01
2.400527365800589619e-01 6.697455669401836076e+01
2.395333486834493875e-01 6.167123468389530672e+01
2.389052029636080376e-01 6.607633855403682333e+01
2.384324354679815128e-01 6.126523337343741105e+01
2.380046175949529774e-01 7.126345234108269722e+01
2.375814096703268152e-01 6.183811499633750941e+01
2.372901312039716049e-01 6.151178187046913592e+01
2.369972658931770171e-01 6.218078757395111467e+01
2.367170638009375438e-01 6.240213889632316580e+01
2.364269017341135981e-01 6.134571381412668956e+01
2.361663205536807808e-01 6.218552590091681509e+01
2.359125239550644293e-01 6.133902629198271228e+01
2.356208693522870989e-01 6.240298405821349803e+01
2.353252413831516954e-01 6.287072549453971959e+01
2.349380811760430343e-01 6.433715769173768706e+01
2.345632206821554322e-01 6.591613960122228377e+01
2.341845808062884282e-01 6.362481862635110730e+01
2.339186505120393889e-01 7.089710812989926580e+01
2.336737127775669054e-01 1.106839050335506300e+02
2.331962634538912449e-01 9.025296457116273530e+01
2.327266327890116504e-01 1.438811628191564580e+02
2.324179933447652058e-01 1.829422762720191997e+02
2.321739297325643159e-01 2.500822489662971009e+02
2.319242844732863629e-01 3.150639911304004386e+02
2.313374260637763857e-01 3.424333898933919613e+02
2.314273034930603712e-01 3.522694499198514677e+02
2.309215721657828235e-01 3.067985270251209613e+02
2.308879403221383853e-01 2.799060528452186531e+02
