3.681235934799034215e-01 3.785500404367895044e+03
3.683782710138540084e-01 3.792163240110013703e+03
3.700406497502674030e-01 3.777031917905748287e+03
3.705697056791277255e-01 3.771384164386164684e+03
3.709416340138929069e-01 3.769339109738492425e+03
3.713463213080477887e-01 3.769083678784106723e+03
3.715129768925650722e-01 3.768134743959201842e+03
3.713059520487585474e-01 3.767633303786490615e+03
3.712253777699154322e-01 3.769579535321390267e+03
3.711107212785279552e-01 3.773743126362058774e+03
3.709032647411631967e-01 3.779926625805203457e+03
3.706519196796617677e-01 3.790002527268365611e+03
3.704300040593499488e-01 3.801226147576616313e+03
3.685035640857349803e-01 3.837907671554377885e+03
3.661770505952233745e-01 3.822178989910205473e+03
3.658770672998894469e-01 3.821500950123518123e+03
3.653622611869193904e-01 3.824394170960677457e+03
3.124461047507653411e-01 2.235269450314008282e+03
3.075506213151273927e-01 1.894052044113243028e+03
3.056373022283128127e-01 1.693244453611543577e+03
3.048214961145697122e-01 1.643119853004049673e+03
3.049278433584026726e-01 1.640204170333071261e+03
3.051200970621407715e-01 1.651086529534273723e+03
3.041021678437939579e-01 1.674145103962696112e+03
3.042304530579386657e-01 1.680304290165920520e+03
3.044029151759202190e-01 1.692115082266123181e+03
3.049063704132075614e-01 1.698064416119122825e+03
3.051450630893458582e-01 1.707504512820042009e+03
3.060138318197174745e-01 1.701436379299772398e+03
3.072119988447811756e-01 1.698776224620523635e+03
3.084110459738171328e-01 1.700033835516905128e+03
3.097269377139835189e-01 1.705820493461772458e+03
3.110078359001518522e-01 1.715601285257650943e+03
3.118096727315741723e-01 1.708860844620126500e+03
3.118010517604514753e-01 1.701809951452452196e+03
3.121066535675611764e-01 1.695368810067337563e+03
3.126479181521581996e-01 1.691429757835076089e+03
3.128025385151785298e-01 1.671879999638015079e+03
3.142176128677653946e-01 1.641991899165155928e+03
3.151830049158738656e-01 1.614173244339378016e+03
3.176093877583355263e-01 1.574711007873801009e+03
3.193093393577210448e-01 1.545719528365758833e+03
3.209564994545019978e-01 1.523209667570347165e+03
3.226046719081038794e-01 1.502917250872242221e+03
3.243229017648221468e-01 1.488824495124520126e+03
3.260420916107610312e-01 1.480004537218966561e+03
3.277920963941280963e-01 1.477141119255569947e+03
3.296523751729409368e-01 1.472165938919481050e+03
3.313118533173607383e-01 1.472152041292845070e+03
3.334228617011483764e-01 1.465878397692236149e+03
3.354486614134863931e-01 1.462401234471722091e+03
3.371527227195535437e-01 1.449809913033124531e+03
3.392115359132559238e-01 1.442031960766927796e+03
3.412763600413213916e-01 1.441279589424341566e+03
3.433185155201055050e-01 1.444863475726239358e+03
3.454875603561851638e-01 1.453904036310447964e+03
3.474546874189785584e-01 1.443397903193265847e+03
3.494171893784757121e-01 1.439498027238686973e+03
3.516735502819524628e-01 1.432835530255536469e+03
3.536780323075238708e-01 1.428815568665969067e+03
3.558475985379776496e-01 1.430679555933820666e+03
3.580066373368886445e-01 1.439339163556799804e+03
3.602533116257453649e-01 1.436961093358420385e+03
3.619976745031931453e-01 1.436550415606203615e+03
3.639373901063332473e-01 1.441923098028607683e+03
3.658956881642627113e-01 1.452129695378180259e+03
3.678074217520627687e-01 1.457333679603618293e+03
3.695202491943876955e-01 1.468330555530640595e+03
3.713855011748958823e-01 1.484031791066066717e+03
3.733388987502594403e-01 1.503129452932289723e+03
3.748413236065660792e-01 1.503340707112113932e+03
3.762237945039402787e-01 1.510059391246119276e+03
3.780683463697608326e-01 1.510837125204668155e+03
3.796610075222338065e-01 1.515662186603471582e+03
3.812197120566597208e-01 1.527089065335998384e+03
3.829690617916289841e-01 1.529477709225687931e+03
3.837970646966482602e-01 1.519365647502440197e+03
3.850825368549146699e-01 1.512528386588479407e+03
3.867299771819750487e-01 1.487631415611666171e+03
3.880993676217170396e-01 1.468637856518980470e+03
3.902912975356948588e-01 1.443321113820026312e+03
3.917029040592788225e-01 1.420364693853167410e+03
3.926535037244008874e-01 1.398292436733171826e+03
3.934782753047376125e-01 1.381691101575308949e+03
3.943966203795424841e-01 1.370866560105035660e+03
3.953198138504184223e-01 1.367031849270878865e+03
3.962272556107018784e-01 1.370232908178682464e+03
3.971484642399465970e-01 1.377485930965188118e+03
3.983332181877526912e-01 1.382422389413399515e+03
3.989747385686494563e-01 1.376523575639531373e+03
3.987319059210336358e-01 1.363223597025013760e+03
3.985318395373834699e-01 1.349640310333444177e+03
3.983326307902420038e-01 1.343430446968354545e+03
3.982803573060811897e-01 1.343034695684192229e+03
3.980547079383336961e-01 1.348284101925243476e+03
3.969943129303359353e-01 1.368048274060183076e+03
3.413086877588032697e-02 2.154490431920974913e+02
3.229110124686963151e-02 7.491800755697396141e+01
3.370772328913135274e-02 6.096903957605979230e+01
3.533388429067325920e-02 6.985760684585602576e+01
3.695233590947845370e-02 6.041953811367346105e+01
3.858418437022756442e-02 7.615312741848522649e+01
4.022415568367387201e-02 6.101882186314162482e+01
4.172330841776138166e-02 6.133168229498375013e+01
4.325936018091052632e-02 6.139084392272729929e+01
4.482539566847992818e-02 6.626631603311997765e+01
4.639679716409889076e-02 6.174634016918924573e+01
4.795657426143336288e-02 6.166270008951521220e+01
4.957625855230634454e-02 6.936062381244066444e+01
5.107862788895958100e-02 6.337855465008900779e+01
5.238098387275178652e-02 6.056478369806245610e+01
5.365490170355871613e-02 6.853010491309839836e+01
5.492847421928567786e-02 6.800640365060017700e+01
5.592843379534298554e-02 6.723016942616091285e+01
5.702120831634689690e-02 6.087808265970006971e+01
5.810238272881915189e-02 6.137457056153840540e+01
5.919517274871715501e-02 6.389528733881968492e+01
6.033933385359381563e-02 9.705098554734823324e+01
6.139598414856312081e-02 9.062606783008580180e+01
6.188525709915866646e-02 6.227405320470722927e+01
6.242830467292929258e-02 6.076678101790561470e+01
6.297761744809807216e-02 6.784439386686514695e+01
6.353775537774478122e-02 7.433882738006076352e+01
6.394950515418797166e-02 1.406706499201957854e+02
6.450054661490757513e-02 1.614136822810655758e+02
6.455861177471106105e-02 1.441564761373593058e+02
6.506040381522981697e-02 1.530101502471505341e+02
6.535375647412368372e-02 1.409835088606137390e+02
6.527204944971937151e-02 1.010564576741926572e+02
