2.752181035001730058e-01 8.886089168307189823e+01
2.752880414936227371e-01 6.812131559690266158e+01
2.755459588094819612e-01 1.047695073521393994e+02
2.757964255416944233e-01 1.272675348830000530e+02
2.762172893286306552e-01 8.932847983722241736e+01
2.767220326191501822e-01 1.227416219010726905e+02
2.771135115229971801e-01 7.181766720529410009e+01
2.781923743605033139e-01 6.875783666583853915e+01
2.792743409808248756e-01 1.316297206551175520e+02
2.803525575288131622e-01 1.524190518772707605e+02
2.811509703623729095e-01 1.180126415928503008e+02
2.827192928425549812e-01 1.031341306379006681e+02
2.844353455795216590e-01 6.488544931567702179e+01
2.863022978986713429e-01 1.050308837969111124e+02
2.881707615784501741e-01 6.565139455529458701e+01
2.903576294753505427e-01 6.255391961556106395e+01
2.924941113236192991e-01 1.023591155794629657e+02
2.946875386049920276e-01 9.690574272366734476e+01
2.966476343299757623e-01 1.497927627530083043e+02
2.985668573601866216e-01 2.170972834003682408e+02
3.003399645251801919e-01 2.082151142083068578e+02
3.019265486045059621e-01 2.115678471587746117e+02
3.039087497971898477e-01 2.129619266978179155e+02
3.060718271126392498e-01 2.364485068427572401e+02
3.080283912999663976e-01 2.328665427609188612e+02
3.097875868068060146e-01 2.426937613631556019e+02
3.111663682577750500e-01 2.291196881046951432e+02
3.130380111296040546e-01 2.267790732248605536e+02
3.149242714482450300e-01 1.927712399427148000e+02
3.172322470586254606e-01 1.864849979868228047e+02
3.196718722982749283e-01 2.309290066905564913e+02
3.219153474367209000e-01 2.640051328989076183e+02
3.244655274227186692e-01 2.469365540759868907e+02
3.265470942608750260e-01 2.195647965415003853e+02
3.287137397838509889e-01 2.318237596472328903e+02
3.306557026415971601e-01 2.307558629167681090e+02
3.324147096501278709e-01 2.705317296216996397e+02
3.342740237736971376e-01 3.179639274245863021e+02
3.362132668850148498e-01 3.184220049391788052e+02
3.377210692992542729e-01 3.156188768172947903e+02
3.399826439483781271e-01 2.755516081154480617e+02
3.424309753332943629e-01 2.637240420149968827e+02
3.448942153643650421e-01 2.229641116463977824e+02
3.474289755946298741e-01 2.315021801482917851e+02
3.499837011565923861e-01 2.018721861512021860e+02
3.521153608117842393e-01 2.014171778636915633e+02
3.545945346187413527e-01 1.708103089160651109e+02
3.568934744982713569e-01 1.507224423024593989e+02
3.587996344869298637e-01 1.556579848478816928e+02
3.606489179199480755e-01 1.738799527704119896e+02
3.624237377839211738e-01 2.020988575657547415e+02
3.639819603623081767e-01 2.486152879161451494e+02
3.654958787651329533e-01 3.168439831453014790e+02
3.669530738807390002e-01 3.293003665632203933e+02
3.677215512640509276e-01 3.279839867408406917e+02
3.692773386592442808e-01 3.071491812581202225e+02
3.706275771647670747e-01 2.898204668365117413e+02
3.716699652733261305e-01 2.937084618716116324e+02
3.723219260584264001e-01 2.917448678247284874e+02
3.722755260552421119e-01 2.521735248652416601e+02
3.721278859119078186e-01 2.501308936532055043e+02
3.721214114648230820e-01 2.560533418768995375e+02
3.719823974320405346e-01 2.707426620854138832e+02
3.714360565436982120e-01 2.614175293037300207e+02
3.704293367194192999e-01 2.691251736743514016e+02
3.695740036064933398e-01 3.108015646041790205e+02
3.688238699921966846e-01 3.367457722644732598e+02
3.678756084100419099e-01 3.796453325741403546e+02
3.675218268917284647e-01 3.430107902638547444e+02
3.670628561059748884e-01 3.376156499404373221e+02
3.670205421920043620e-01 3.007125890392797487e+02
3.674051697642202186e-01 2.675308147631716338e+02
3.676594722410453375e-01 2.599665942008488742e+02
3.676434747389389912e-01 2.536367704320091718e+02
3.673271412883228892e-01 2.696658114625390112e+02
3.674262706471123630e-01 2.497638902292188163e+02
3.674816575252721207e-01 2.789397992024300947e+02
3.677141791807946314e-01 2.735474575347507766e+02
3.678693290274137051e-01 3.025730190808875477e+02
3.680144204159268573e-01 3.577284684213094579e+02
3.680860966925616484e-01 4.224888133623324507e+02
3.677562264651494384e-01 4.514509585625035584e+02
3.661117896370180147e-01 4.165046648116387473e+02
3.653320424564916458e-01 3.867880361412358639e+02
3.644708170981378892e-01 3.770991871032548488e+02
3.634451907043730334e-01 3.770053145065610352e+02
3.623385206619558208e-01 4.043613421694660701e+02
3.611015406236128822e-01 4.450179215311572989e+02
3.599621557990086984e-01 4.991406888453504962e+02
3.587973440154482163e-01 5.451087724841152067e+02
3.567866611271199306e-01 5.432313886383121826e+02
3.561972999436658904e-01 5.053621689530132812e+02
3.552301313539272809e-01 4.664200528652830258e+02
3.543159529234713445e-01 4.488725978181192318e+02
3.536468419897116910e-01 3.967426482693613252e+02
3.534013789405183181e-01 3.555488906040382062e+02
3.531181392215563264e-01 3.012088453466101896e+02
3.528245023970856264e-01 2.713365903928108196e+02
3.524245237546946297e-01 2.626035904009038404e+02
3.521626210288423819e-01 2.896753765124614688e+02
3.519578291464027786e-01 2.364605107137594189e+02
3.515555468308388942e-01 2.170894970726287454e+02
3.510973795332598124e-01 2.546007736089333093e+02
3.507673507553395464e-01 3.026552248553339268e+02
3.501568938480300042e-01 3.197096621272416996e+02
3.500199737849827852e-01 2.790211034812727462e+02
3.494759518791122344e-01 2.411846533669124142e+02
3.487580604074798640e-01 2.376240499398835766e+02
3.483212929861446150e-01 2.509999138140491652e+02
3.476821959767696923e-01 2.053403368284860733e+02
3.468181179622111254e-01 2.090530652525538926e+02
3.463804223258259429e-01 1.587226294011931031e+02
3.457862642902758687e-01 1.787156685349636973e+02
3.449541373404037548e-01 1.904633018633120969e+02
3.439743256606496713e-01 2.173392249412532635e+02
3.432622119990124121e-01 2.123624989682358830e+02
3.427497070734450424e-01 2.512043061480362667e+02
3.422571634783852512e-01 2.543632567949687484e+02
3.421333124521778180e-01 2.771532039685796462e+02
3.418676652825682338e-01 2.380963572864309583e+02
3.411944603754048511e-01 2.038039796973411342e+02
3.407956234508784377e-01 2.167915933222917033e+02
3.403189699905136978e-01 2.577237258607756303e+02
3.396788928720990697e-01 2.320418672362579571e+02
3.396748708808937645e-01 2.071262547498953666e+02
3.397445361610133552e-01 2.394551282155257752e+02
3.398141006138820641e-01 2.457687196699803565e+02
3.403516592232839755e-01 2.337299268177141016e+02
3.409089292595026688e-01 2.356833190090449648e+02
3.413604930578063024e-01 2.776868618732625578e+02
3.417173478393075725e-01 2.223895066752346850e+02
3.419383182643895847e-01 2.038577019483497281e+02
3.420281113218635594e-01 1.793257621002347548e+02
3.416399385693301705e-01 1.636141111281279734e+02
3.410052138760813478e-01 1.968652793707460660e+02
3.403250297275984826e-01 2.024353312877800306e+02
3.402841733105078648e-01 1.716480065181543466e+02
3.399219153183332121e-01 1.967632857478362496e+02
