3.686747214115470572e-01 3.240700956625751587e+03
3.702460461358344501e-01 3.221905000591275893e+03
3.706925014564439458e-01 3.216750195099622488e+03
3.711062543578426132e-01 3.215001417575299001e+03
3.714187365979739197e-01 3.216560968318838604e+03
3.717336636959157059e-01 3.217248506151032416e+03
3.722377150719384797e-01 3.220455836478052333e+03
3.727489101500573998e-01 3.226555689546840767e+03
3.732392441299858810e-01 3.234470647678728710e+03
3.735160278239214038e-01 3.241932932911151511e+03
3.739777781379428068e-01 3.238773132836879995e+03
3.735656342992926260e-01 3.235030962318528054e+03
3.737789689496016088e-01 3.231936885599448487e+03
3.740230884519389898e-01 3.226335709420121475e+03
3.742132036392539218e-01 3.217488723918239884e+03
3.744941111062400352e-01 3.211589140405149465e+03
3.749394157228093105e-01 3.205259789045549951e+03
3.751939667132865308e-01 3.200905077420152338e+03
3.757248407718991601e-01 3.197626227241370998e+03
3.763578882396985126e-01 3.196784632455969131e+03
3.769789303905703992e-01 3.199048335736742956e+03
3.776169158946398041e-01 3.204202403497032719e+03
3.783262864213762233e-01 3.210923557636402165e+03
3.792076595840955244e-01 3.217544929330366358e+03
3.797203903403539305e-01 3.222969784901741605e+03
3.807314410655048276e-01 3.228807961533487287e+03
3.816086743066691711e-01 3.235759868996311070e+03
3.824495403875271538e-01 3.245671235694431289e+03
3.833260350081821310e-01 3.258446870741100611e+03
3.841553132617969712e-01 3.271163978684940503e+03
3.852686760113367970e-01 3.285448558202740969e+03
3.861728584934781550e-01 3.294717166678730337e+03
3.861691330727251570e-01 3.301546113624271584e+03
3.866288206178065123e-01 3.309453808648618178e+03
3.872561607314830567e-01 3.317295199394456631e+03
3.880555349109920393e-01 3.327239066390612606e+03
3.889393747161359882e-01 3.335190283255704344e+03
3.894652282670380550e-01 3.344372486494043187e+03
3.896474849557158282e-01 3.355081262773315302e+03
3.890703555867700003e-01 3.356551985777792652e+03
3.892600103348546892e-01 3.342610710385793027e+03
3.904152046405195975e-01 3.328578323739667212e+03
3.915104208299300392e-01 3.311991281010263265e+03
3.925752726992600694e-01 3.297667475708603888e+03
3.935109200590773404e-01 3.285729365071824759e+03
3.943503131898186687e-01 3.273953305874376838e+03
3.950321103251308585e-01 3.264784967663742009e+03
3.954659394702259023e-01 3.255935340161319800e+03
3.957213451021795447e-01 3.249104214688466982e+03
3.959790719060259367e-01 3.245185504899445732e+03
3.960122209878354504e-01 3.238782080281466278e+03
3.952379953706290361e-01 3.227264781008235332e+03
3.946529061457977883e-01 3.218226185184588303e+03
3.944734164298652757e-01 3.208570669870188794e+03
3.910903879542853567e-01 3.182773176650261121e+03
3.793842692758388480e-01 3.128897152857932269e+03
3.785325051013117004e-01 3.122915338808291381e+03
3.538968654063164854e-01 2.982642004702613121e+03
3.532793876202380834e-01 2.977356643262066882e+03
3.522956667212578941e-01 2.966027651822724692e+03
3.518875727580778601e-01 2.963227069939972807e+03
3.482578748252921907e-01 2.929390879991868132e+03
1.926953215657994378e-01 1.918393055339021430e+03
1.919332433772102386e-01 1.918663227491284488e+03
1.441127486535352109e-01 1.605354764563319804e+03
1.327009828748769160e-01 1.526890399179811993e+03
1.288202280382534926e-01 1.498349876883986553e+03
1.282891184766284387e-01 1.497161570465368641e+03
1.284327583728371303e-01 1.502138488470690845e+03
1.279976922401549477e-01 1.501718151835445951e+03
1.278935654144313927e-01 1.507994906158528693e+03
1.277408434469819998e-01 1.517906134706482135e+03
1.276596151120032996e-01 1.534084378957901890e+03
1.276109363036893873e-01 1.552655457331865136e+03
1.275630157259040054e-01 1.576033844303445903e+03
1.273593443374528289e-01 1.589101409217725859e+03
1.272916600726358149e-01 1.607348140118546098e+03
1.272087426760516726e-01 1.631554749122161411e+03
1.271640864223611556e-01 1.627335130750391954e+03
1.283524379633148582e-01 1.608960988363238584e+03
1.290654433769583276e-01 1.592364951597839536e+03
1.297210110092415492e-01 1.581882450592480836e+03
1.302967599739664750e-01 1.573637470625745436e+03
1.308442755227710863e-01 1.571374310931401169e+03
1.312800088516881403e-01 1.568379324373079271e+03
1.309145497029328142e-01 1.548566029883904321e+03
1.311255747999571231e-01 1.526295443519793480e+03
1.312875758401302884e-01 1.509508241905139812e+03
1.314159147788661608e-01 1.499200799237276215e+03
1.312326128627597788e-01 1.461979948736550341e+03
1.311885537738573526e-01 1.430803127045795236e+03
1.311823086148245776e-01 1.401771763691554725e+03
1.314253181620546607e-01 1.375636262364389950e+03
1.316683487577471057e-01 1.356372796962278017e+03
1.319329339539749846e-01 1.328298306550032748e+03
1.332263069318629645e-01 1.303152290682559396e+03
1.338951898815401165e-01 1.285999825571804422e+03
1.345726609440129340e-01 1.270794848237735096e+03
1.349676759539273352e-01 1.257867781573842421e+03
1.350467333073622489e-01 1.241838015777980900e+03
1.091740569448863551e-01 1.179495915449591621e+03
1.091296538366597346e-01 1.173045574617034390e+03
