6.464602035151110204e-01 4.277505988746991648e+02
6.458911931918160931e-01 4.053933834769225086e+02
6.440895899007331726e-01 3.566077573041799269e+02
6.427307379510620589e-01 3.110821035566160617e+02
6.409628817609078766e-01 2.845918493364440565e+02
6.381970464243328367e-01 2.398286491915621355e+02
6.362470845006753528e-01 2.067757688925683226e+02
6.349077694083481438e-01 1.607142186140088143e+02
6.335452680281684623e-01 9.125259508396595720e+01
6.325538179380822967e-01 9.897607118720273434e+01
6.319841998436475095e-01 6.407173477607361178e+01
6.314947076327606101e-01 8.433625595347231751e+01
6.311147453557990339e-01 1.004659768359357059e+02
6.309669165489161236e-01 1.691354557239412770e+02
6.308004189375632231e-01 2.211062737509815008e+02
6.302757899355222460e-01 2.596187165537242549e+02
6.299614382841580706e-01 3.220461011723556339e+02
6.298152636563285611e-01 3.977535260993530528e+02
6.295692149102934954e-01 4.745790787071956629e+02
6.286361726952105489e-01 4.692930021666087441e+02
6.270326081964743281e-01 4.796130674898534494e+02
6.270144943481250621e-01 4.435757136312235502e+02
6.269851151325795957e-01 4.310191391829462759e+02
6.268555046941119979e-01 4.192012308528614994e+02
6.259364077205730181e-01 3.571761001593130800e+02
6.241493126226930199e-01 3.007875496024078075e+02
6.238511877338752676e-01 2.312825996328749341e+02
6.237501618115344204e-01 1.824026776004398869e+02
6.235058284387816618e-01 1.046029182490121343e+02
6.236606817781453760e-01 8.352194898449653238e+01
6.240314661437165178e-01 9.396179235514895822e+01
6.239296449399379663e-01 1.351279964425323215e+02
6.235843044246833777e-01 1.769171561970267703e+02
6.227750711512243242e-01 1.643618688496677578e+02
6.217291055574988290e-01 1.668058424028332638e+02
6.211403403015155478e-01 2.143500086731221472e+02
6.207538650521351453e-01 1.799596023200494130e+02
6.201945098616177265e-01 1.821695718211318251e+02
6.197099713219165196e-01 2.393028836235719723e+02
6.189390839842261460e-01 2.287299442921905666e+02
6.186130659911098784e-01 2.408882111124763696e+02
6.185369387522708928e-01 2.661199699931206055e+02
6.185076068764723267e-01 2.948852741471197305e+02
6.186268760633908403e-01 3.299996985611033438e+02
6.186212153889303345e-01 3.051149919560970147e+02
6.186729327180351401e-01 3.051621879580723657e+02
6.189898483948432784e-01 3.176778050427821540e+02
6.194229120896203034e-01 3.356020251771589074e+02
6.194988304912393273e-01 3.185692041412231674e+02
6.202985195318595490e-01 2.985566779601043095e+02
6.212109999916877179e-01 2.331773016605127395e+02
6.215854802399440882e-01 1.785032924352967143e+02
6.224448407877640754e-01 1.356784751013232722e+02
6.229806129846464646e-01 8.880235992418795377e+01
6.235055170870448249e-01 1.295262875137260323e+02
6.241861709646154832e-01 2.043217142176897596e+02
6.247938147907926565e-01 1.779345391380454089e+02
6.261027344383722770e-01 1.826698231013150178e+02
6.275931645357815114e-01 2.274763106142531797e+02
6.291093518519281780e-01 2.281530698988885320e+02
6.303312069600732759e-01 2.555324131727194583e+02
6.319530461928093423e-01 2.915071048433405849e+02
6.335972449802174111e-01 3.279300214818586028e+02
6.346845202094788529e-01 2.756744818800699477e+02
6.367603893960476213e-01 2.293404909687055806e+02
6.389110529982378051e-01 2.284045693247928455e+02
6.407370528949518640e-01 1.810849204134589172e+02
6.420499461947775099e-01 1.786395568155024876e+02
6.435755681345443069e-01 1.966533954024974946e+02
6.454865946714378744e-01 1.891757953871447171e+02
6.475579234194054346e-01 1.913753282301729826e+02
6.496505615086860530e-01 1.510117169154701173e+02
6.520332272190467737e-01 1.646917330737570921e+02
6.541757083634630598e-01 1.709923451989159275e+02
6.558711726952775045e-01 1.979924599790156776e+02
6.574860466782198598e-01 2.428007477053082255e+02
6.587328590658370064e-01 2.433043646740959787e+02
6.595044644484161500e-01 2.442511009095807708e+02
6.604745606484873077e-01 2.864630172898993123e+02
6.612765371726759822e-01 3.204404308009515034e+02
6.623887620596256021e-01 3.684493918894406193e+02
6.633326767805780566e-01 3.404334115917144459e+02
6.633219970734310911e-01 2.928134848805029264e+02
6.633407919748565140e-01 2.388216091031897861e+02
6.622972513466857114e-01 1.806332472520292356e+02
6.620152268551908747e-01 1.272690613444528793e+02
6.630411753346659998e-01 8.620302020362620965e+01
6.637902399142658894e-01 1.235361988761727901e+02
6.640862169215290267e-01 1.230166978494518872e+02
6.643974366671969722e-01 1.868806706535214630e+02
6.644583658524376713e-01 2.593483187760954820e+02
6.638800228781369661e-01 3.449700351029911189e+02
6.639623382327881629e-01 4.220987747709161795e+02
6.628414448492183642e-01 3.747234327837231831e+02
6.619553434100130529e-01 3.372636513512524630e+02
6.605252773144753009e-01 3.099975875803817758e+02
6.587420967930239790e-01 3.132540110300044489e+02
6.558801164365061220e-01 2.930837684136042753e+02
6.461429859037193246e-01 2.769082360344197014e+02
6.309633576421935786e-01 2.900426847194473225e+02
5.932443958605837508e-01 3.341050116496614919e+02
5.002291043410596050e-01 4.402695875533843264e+02
4.971761611158890259e-01 4.160706174217412467e+02
4.653551921243902489e-01 4.042338099340976783e+02
4.626022963575810998e-01 4.054032958526113362e+02
4.588025423346238640e-01 4.242522432457713535e+02
3.599817958340765234e-01 3.556416079172771560e+02
3.571250067334850176e-01 3.369023089122601959e+02
3.543582600818784289e-01 3.235683778548915939e+02
3.520393404447361152e-01 3.384153628202370783e+02
3.493657305365338028e-01 3.084688431834189259e+02
3.446356769934146302e-01 3.009875922199843217e+02
3.423678805287445615e-01 2.574689732932091033e+02
3.396649938774886635e-01 2.326357759981409288e+02
3.364683418118903369e-01 2.337064746074350410e+02
3.224037836115624667e-01 2.287601102496431054e+02
3.196799353368652286e-01 1.887851010902939208e+02
3.174019987658466824e-01 2.022394074313243948e+02
3.149651156481221848e-01 2.435741617024835932e+02
3.131605956005176772e-01 2.325374079606738746e+02
3.109455202695898812e-01 2.330450190397689028e+02
3.094133101616903248e-01 2.280315999850726314e+02
3.074891333268049420e-01 2.245882641435495941e+02
3.060785959323081840e-01 2.382119136933143864e+02
3.047988469402371781e-01 2.715548510094203039e+02
3.030741380508312766e-01 3.295592299097158957e+02
3.018721173248944956e-01 3.341931465503636218e+02
3.009488022085888281e-01 3.623101447954847458e+02
3.000353049781971926e-01 3.855533972535430394e+02
2.996548475167450376e-01 3.611921181495693531e+02
2.993462234529256083e-01 3.538041075278840708e+02
2.992344465245551088e-01 3.243249121860905575e+02
2.990971310149524998e-01 3.105137283322064263e+02
2.991017756993004650e-01 3.079335131852531617e+02
2.988992745015438546e-01 3.077253065072950449e+02
2.985589675616313610e-01 3.274337004003397169e+02
2.985214257157091100e-01 3.297011038795503168e+02
2.984753615566461127e-01 3.222868090817437405e+02
