5.027997661426558684e-01 2.306746307626425732e+03
5.032526688454016517e-01 2.307118002583687485e+03
5.038536235966321053e-01 2.310817076578296110e+03
5.046791422977013886e-01 2.319878705141113187e+03
5.054756862936073958e-01 2.316850408450342911e+03
5.060322280977692655e-01 2.316568949632311160e+03
5.067508516929650764e-01 2.315805263679470499e+03
5.078226807100789664e-01 2.315278198151718243e+03
5.088045679830959234e-01 2.318329455680168394e+03
5.097386758855848576e-01 2.325334354875182726e+03
5.106374362004658662e-01 2.335037628626618698e+03
5.115959945781067830e-01 2.348761561091567728e+03
5.125448782230140887e-01 2.362763277002311042e+03
5.138120820492194651e-01 2.378993927724803143e+03
5.151271641509885812e-01 2.391446117455699550e+03
5.164152200136201687e-01 2.403646347255559249e+03
5.181412661297180033e-01 2.416835082732266528e+03
5.199677433316272079e-01 2.429223082957057159e+03
5.214496612789092378e-01 2.442759051713634108e+03
5.223629322213116932e-01 2.456063391604707249e+03
5.227605717131920127e-01 2.470801757073370482e+03
5.226863357301974045e-01 2.483003968875442752e+03
5.213510185403020802e-01 2.484106145156230468e+03
5.194392867170769534e-01 2.485548431688025175e+03
5.163120451084377560e-01 2.483865210248364747e+03
5.145930015375911326e-01 2.478306559394075521e+03
5.129091232824005697e-01 2.474735820712058739e+03
5.111488039305920328e-01 2.472843704716153297e+03
5.094798836370253436e-01 2.474786970813555399e+03
5.080466468964692783e-01 2.455491668462843336e+03
5.067626831581331093e-01 2.431272262945063176e+03
5.061637612718975499e-01 2.407683451981405597e+03
5.055588166995238497e-01 2.387380710917021133e+03
5.050627738872808248e-01 2.369328740612451838e+03
5.045441681841520420e-01 2.355235138832625125e+03
5.039046496942036768e-01 2.340805397281149453e+03
5.027819303591831712e-01 2.325718219174042588e+03
5.020430692979287457e-01 2.312720158707869359e+03
5.012468485927921158e-01 2.303213637386234950e+03
5.005189763283250937e-01 2.297068011741106602e+03
4.996082145358271553e-01 2.289196987442346654e+03
4.986004414236619997e-01 2.285584587454850407e+03
4.978823375609604529e-01 2.283211774501849504e+03
4.970273981820512166e-01 2.277604765263956779e+03
4.952541274901738899e-01 2.260274155133362910e+03
4.941199994552444852e-01 2.244831285583483805e+03
4.931807109708170045e-01 2.229121368932028417e+03
4.912480836955383512e-01 2.184290273232523759e+03
4.905662827919393121e-01 2.148737107904835739e+03
4.900516902164723798e-01 2.116461355987738443e+03
4.895371496826557145e-01 2.087313489791902612e+03
4.887701416250724851e-01 2.046944563099812513e+03
4.838109141417324399e-01 1.994666527290795784e+03
4.823309917705336791e-01 1.958739135499163467e+03
4.812283416903337940e-01 1.927715509065365495e+03
4.801306034824295299e-01 1.901488038160240876e+03
4.789722871461329912e-01 1.878595629437792240e+03
4.773921429545440742e-01 1.849453639779354717e+03
4.719053957013139011e-01 1.819082549582706406e+03
4.707662645638310273e-01 1.791330785094518205e+03
4.696562020753088373e-01 1.767863282495927706e+03
4.688007399873109216e-01 1.742216832265845369e+03
4.679154655379530459e-01 1.721593581073628911e+03
4.671032872376749134e-01 1.702373446562269010e+03
4.664042554948166774e-01 1.683982960295386192e+03
4.657690314958822242e-01 1.671164032806168052e+03
4.651365875151456386e-01 1.663852616451853237e+03
4.644999102146694092e-01 1.658891818921377762e+03
4.639332235892502654e-01 1.659616356418979649e+03
4.633086396360924786e-01 1.662970566081901552e+03
4.620859473094075520e-01 1.656241413142199463e+03
4.615912349122343605e-01 1.650736597572480605e+03
4.609690178806690186e-01 1.647288088308160468e+03
4.602958215822674504e-01 1.643709405372637320e+03
4.593159734188274612e-01 1.641757743988316633e+03
3.659752461617911123e-01 2.084476442263510592e+02
3.598602477994597426e-01 1.223492834318827533e+02
3.600690933292057250e-01 6.757462132756631945e+01
3.604883239436001974e-01 6.275903934612779267e+01
3.608508041632162988e-01 9.895458473692620771e+01
3.613321273150415514e-01 8.485440721991933799e+01
3.612324518573416521e-01 6.224433357700183933e+01
3.610801950746231892e-01 6.747962128679561999e+01
3.607221798272620683e-01 6.282805837228592338e+01
3.601492126539655447e-01 6.620352039533229060e+01
3.593716117526919440e-01 6.078852228509173017e+01
3.585811947711563530e-01 6.713516802520015858e+01
3.578768606435611677e-01 6.119992241940078515e+01
3.571055953817022788e-01 6.078781882612483400e+01
3.563607219228567824e-01 6.194498016555784403e+01
3.556040367562108284e-01 6.247981666596150063e+01
3.547661329226294291e-01 6.277122578504066297e+01
3.540034765371604664e-01 6.167402886615363400e+01
3.531816899379021102e-01 6.865102359328417947e+01
3.524837721338230923e-01 6.128631966088594396e+01
3.518449254351461719e-01 6.135828556429687097e+01
3.512388656192687031e-01 6.073408673602813934e+01
3.506261660874597230e-01 6.220366154403586023e+01
3.499874488767840686e-01 6.309136125073931822e+01
3.493072924452428896e-01 6.098864433571333876e+01
3.486548273881746041e-01 6.081170453311862900e+01
3.479931562950795421e-01 6.078063307416817196e+01
3.473265468237191622e-01 7.171909065858845622e+01
3.466883014185956347e-01 6.120762785572551934e+01
3.461321226698704789e-01 6.062345441078000619e+01
3.455851662154304504e-01 6.303585756020694930e+01
3.450418967723664077e-01 6.211691560772126763e+01
3.444122700711437224e-01 6.067421998675354899e+01
3.438239562836337693e-01 6.983209344645536021e+01
3.432623535442477225e-01 6.148254365004291344e+01
3.427974641717097537e-01 7.170849772472683981e+01
3.423510509641493615e-01 6.212294378790225835e+01
3.419624787292023238e-01 7.016820030091201943e+01
3.416120489602713639e-01 6.075173411781344868e+01
3.412328527691880775e-01 6.449407981698190895e+01
3.409650864931819125e-01 6.090396261456815097e+01
3.406995559824161357e-01 6.123840004472294396e+01
3.404620159794199963e-01 6.390544167918438490e+01
3.402592711749092835e-01 6.132392272044802439e+01
3.401273677719828248e-01 6.296086773206152998e+01
3.399697141354128260e-01 6.482221210847117732e+01
3.399528845178383940e-01 6.138535039950481575e+01
3.399154707368465811e-01 6.067767750925616355e+01
3.398669261493436622e-01 6.258274662304827274e+01
3.398615606941763345e-01 6.163501708193638962e+01
3.398176057828157792e-01 6.061721190067009957e+01
3.397670310398294147e-01 6.102191665624179251e+01
3.397346173605662600e-01 6.110735519825735906e+01
3.396864609368327459e-01 6.144055808300281996e+01
3.396663414569203177e-01 6.155721746496071489e+01
3.396665645904485831e-01 6.172177892567010105e+01
3.396356168925867558e-01 6.455561465273680710e+01
