6.282597085921275415e-01 1.797056072245429277e+03
6.285256566704156000e-01 1.800745384662418246e+03
6.280527712683066088e-01 1.813148168640130280e+03
6.279183813873406850e-01 1.822465704782841385e+03
6.279684397005197427e-01 1.833557617418523478e+03
6.279731414338793893e-01 1.834962730472492240e+03
6.275638457509288282e-01 1.840089384638310548e+03
6.268538925913552662e-01 1.848245073168955969e+03
6.265392582088793461e-01 1.848517757106544423e+03
6.263787072198323536e-01 1.853047029903068960e+03
6.260807293310259869e-01 1.860620991500112268e+03
6.260344302390801197e-01 1.867140311068122173e+03
6.261157678367142987e-01 1.878104286852511905e+03
6.262629393206691208e-01 1.889950648673440128e+03
6.260603139895170033e-01 1.895793286852705478e+03
6.261181988202109139e-01 1.888346198289386393e+03
6.249922535316527750e-01 1.870539816355981657e+03
6.237812890910614527e-01 1.857554004718925398e+03
6.228962149421227723e-01 1.848299958343760863e+03
6.217254993381143846e-01 1.840264525657577224e+03
6.200741726970546708e-01 1.826821181529061278e+03
6.190559520617276990e-01 1.802747281485926578e+03
6.182381597741226642e-01 1.778238768880059752e+03
6.173283703372640652e-01 1.756051856315689292e+03
6.164429750012903053e-01 1.738160814402924188e+03
6.158102367380793307e-01 1.722041657290292278e+03
6.152380624974100876e-01 1.700790280645910343e+03
6.145096947855598346e-01 1.684680940382153494e+03
6.136975264998175694e-01 1.670581355957318465e+03
6.124757217893942451e-01 1.655418689870941535e+03
6.113280752870422496e-01 1.646023778370036325e+03
6.102337187736174284e-01 1.640853841424396705e+03
6.091528711998183132e-01 1.631770353835033120e+03
6.074666964447389406e-01 1.619882048363839203e+03
6.060020036303395141e-01 1.613171663842526868e+03
6.045268123637791424e-01 1.612737342841124246e+03
6.027526682237911437e-01 1.608325769582886551e+03
6.014827582226776048e-01 1.605447864046836230e+03
6.002456311799078126e-01 1.599686627478926766e+03
5.992727553631852500e-01 1.593761232613351694e+03
5.983947080933721407e-01 1.590794496865142719e+03
5.974379403844476411e-01 1.593588845194871055e+03
5.961986218353192424e-01 1.589240206858207330e+03
5.958778957871078141e-01 1.579814945941064934e+03
5.955972406525399387e-01 1.575000414902370267e+03
5.953670676090597746e-01 1.574441751534434843e+03
5.950748889587419432e-01 1.571299051651654736e+03
5.948283773143311359e-01 1.573397230347650066e+03
5.945637427914016726e-01 1.580428883284771018e+03
5.940401728967442674e-01 1.587739521548752009e+03
5.942271145544100186e-01 1.587933831636157947e+03
5.947164224965827417e-01 1.588114864824893402e+03
5.952205142186300924e-01 1.594625468531469778e+03
5.955661311525662915e-01 1.592513552409434396e+03
5.956782316429468649e-01 1.584943541911832654e+03
5.958493183398388959e-01 1.580786665503306722e+03
5.966340738802780042e-01 1.572199536431672868e+03
5.974222042340391337e-01 1.568955772149501854e+03
5.981486802703294137e-01 1.559742156521529978e+03
5.986944975895842624e-01 1.556299825522923584e+03
5.996483963509185999e-01 1.552725733844206388e+03
6.004922472594278471e-01 1.552259319215357891e+03
6.010701772904506468e-01 1.554987349109642537e+03
6.013192465256036456e-01 1.559439194489157671e+03
6.021351527855014485e-01 1.564036196230861606e+03
6.030003441684512744e-01 1.567121943988607200e+03
6.043349489431993904e-01 1.567582352283210184e+03
6.054418802401790867e-01 1.560966912173986202e+03
6.060717268385338308e-01 1.520634211360182235e+03
6.066305070484785400e-01 1.487073338391355264e+03
6.066252331210895132e-01 1.455885307007265055e+03
6.064744508475073959e-01 1.430494057717337910e+03
6.066044765086662238e-01 1.409786807601602732e+03
6.068159306405216391e-01 1.392281592118418530e+03
6.069501421298757471e-01 1.380353806171936412e+03
6.072327462383846353e-01 1.373943316567002512e+03
6.075355845206641403e-01 1.373116172213643267e+03
6.076081378379019071e-01 1.366241321032631731e+03
6.075854914099673154e-01 1.360776338906744058e+03
6.073406019608791340e-01 1.359759404961521341e+03
6.066958190543971785e-01 1.356888630229243290e+03
6.059102443724770914e-01 1.355215167009836023e+03
6.050334250946011183e-01 1.360842759467386486e+03
6.039123668658090693e-01 1.359520757247745223e+03
6.029270783398948952e-01 1.365264206220974756e+03
6.023888161943460329e-01 1.364738605059589645e+03
6.018209368189197939e-01 1.357593209581844576e+03
6.007298187626931574e-01 1.351761332953132069e+03
5.995475234816278753e-01 1.340937298490134026e+03
5.982356732914450026e-01 1.336647423344815934e+03
5.969138330390799663e-01 1.339983768239925439e+03
5.953958714838425426e-01 1.343512115675968971e+03
5.939084710066406814e-01 1.352025212126505949e+03
5.925502731853544702e-01 1.366600730196570566e+03
5.912936876115207907e-01 1.375144549715179892e+03
5.900004305569621632e-01 1.390683227043445868e+03
5.886583887192555764e-01 1.406598281674727559e+03
5.875025239233415686e-01 1.427689463758086049e+03
5.865718022124155606e-01 1.435126566914217165e+03
5.865952862867311879e-01 1.430463772027661207e+03
5.866182645043214183e-01 1.432738055950435864e+03
5.866627035750526797e-01 1.426692215787933947e+03
5.859954604475898776e-01 1.415268605727383601e+03
5.861013060022062238e-01 1.404708177955988731e+03
5.863462460384211150e-01 1.394436608308780023e+03
5.866088039652654906e-01 1.386005132854376825e+03
5.869860701558125005e-01 1.381776388937171987e+03
5.875833506617915702e-01 1.369467932847230713e+03
5.881757662800481956e-01 1.363134086554571240e+03
5.913608804570209543e-01 1.338891402974833454e+03
5.919014126312611701e-01 1.329773864502681135e+03
5.908565289323992609e-01 1.317046716598700868e+03
2.245212537349780546e-01 3.057691592211987768e+02
2.268368446460864440e-01 3.181625419586599719e+02
2.052056180926553064e-01 1.761279494084259909e+02
2.004002387463650336e-01 9.055087991314556461e+01
2.005689226080052678e-01 6.553434127627943440e+01
2.009329049650851462e-01 6.479234372613633752e+01
2.012089011311505860e-01 6.355551673690833780e+01
2.014127918280581020e-01 6.141591545083941384e+01
2.016823380715732084e-01 6.444534372278390322e+01
2.019719134696755236e-01 6.214614144572882992e+01
2.021731947239193139e-01 6.064618545550087703e+01
2.023855924183867172e-01 6.072485732756862831e+01
2.025973097684478086e-01 6.059597385773097500e+01
2.028059166581949180e-01 6.093115172326975681e+01
2.030208727175221162e-01 6.097771897082179038e+01
2.032259225716024076e-01 6.228446567164294834e+01
2.033882847078875289e-01 6.365699919279157371e+01
2.036101019088179809e-01 7.043307348647256561e+01
2.036622579962265867e-01 6.233246721204405816e+01
2.039022213208203094e-01 6.271603411543102169e+01
2.040964159793358934e-01 6.066197763061545345e+01
2.043211879377113960e-01 6.428405996024922331e+01
2.045500033528258876e-01 6.633626644594100696e+01
2.047122050419760420e-01 9.559659776286888189e+01
