2.876918594220526648e-01 4.505540647463221831e+02
2.860373647090251326e-01 4.611837867589661641e+02
2.860144947549511096e-01 4.558369352540289015e+02
2.860073163732869128e-01 4.735488138907954294e+02
2.860669497225710733e-01 4.956445587102251125e+02
2.863325089653523392e-01 5.242844512470770724e+02
2.864881631096255488e-01 5.612624093414461868e+02
2.868954733299433069e-01 5.968536187884495803e+02
2.867949309772274136e-01 6.016279974163287534e+02
2.867218340181247882e-01 6.227003115139349347e+02
2.869098433491097944e-01 6.256088305052303440e+02
2.867209207761190481e-01 6.316426056366158264e+02
2.864497180069150439e-01 6.529554065000405672e+02
2.860981670712291480e-01 6.852399253536534616e+02
2.859832205648016878e-01 7.045053094348135119e+02
2.853102226184691115e-01 7.111124472161751555e+02
2.856624625173923016e-01 6.913143121250232070e+02
2.858168984040451721e-01 6.837070666603316340e+02
2.862073152184706482e-01 6.820337297836973676e+02
2.865751807230046966e-01 6.953872683895949649e+02
2.869958574090256676e-01 7.198132898864599838e+02
2.875928920672073397e-01 7.389941608627730147e+02
2.880515901634764786e-01 7.688672139528455318e+02
2.888631898014157873e-01 7.785647424398457588e+02
2.896180827438389893e-01 8.005250021166598344e+02
2.903323910399315810e-01 8.339228132425766944e+02
2.910188262206142573e-01 8.747385939931621124e+02
2.913564828022108810e-01 8.941041334001401992e+02
2.909398407760979133e-01 8.899018663590070446e+02
2.908279203963593518e-01 8.845476195037664411e+02
2.907140549602461599e-01 8.874529893832033167e+02
2.905443493561816193e-01 9.015724860186803653e+02
2.904493138712608280e-01 9.071894986047223028e+02
2.898754880048133309e-01 9.123787942998137623e+02
2.895272648906749846e-01 9.262002362543764775e+02
2.891691693590071610e-01 9.456189217269992469e+02
2.884838312707715402e-01 9.573492279765309831e+02
2.870071759940542866e-01 9.568458612064985118e+02
2.849186777576156460e-01 9.395780324176565728e+02
2.832127791204230860e-01 9.302461357899099994e+02
2.815086032956614637e-01 9.323343887192829698e+02
2.797833186648772119e-01 9.298966401568759466e+02
2.779392704558885652e-01 9.024128051383864886e+02
2.767444163935596224e-01 8.765973841003236657e+02
2.754657089115866708e-01 8.582115003364772292e+02
2.738061437419684330e-01 8.254853664656340015e+02
2.724611323666615292e-01 8.011095498820003513e+02
2.711924762290225388e-01 7.754664921842971808e+02
2.697447949535882183e-01 7.593660049204237339e+02
2.679950425092835764e-01 7.400168230660319750e+02
2.663679488508476356e-01 7.336022296924935517e+02
2.647637309936962668e-01 7.400593291680203265e+02
2.630363048315962904e-01 7.319659340919231454e+02
2.613136544916359050e-01 7.383642759482066822e+02
2.596141413239806961e-01 7.557259466439359130e+02
2.579078025859786738e-01 7.731099659735197065e+02
2.561306003279630872e-01 8.027640626781255833e+02
2.544712440849311585e-01 8.364358422963308612e+02
2.531089091794606616e-01 8.656327672507283069e+02
2.516997484694076803e-01 9.043047798811307985e+02
2.502987126733232648e-01 9.491365134610629184e+02
2.489465879737590426e-01 9.994225085239369264e+02
2.467879044165077473e-01 1.063698080838666101e+03
2.457485887175110129e-01 1.062562587365409854e+03
2.456663587876763144e-01 1.043543598757307109e+03
2.456386786249306065e-01 1.032831653727567527e+03
2.455361179621317336e-01 1.021259966703635769e+03
2.457475615971253802e-01 1.012845630772159438e+03
2.460544137428601896e-01 1.012961987835142054e+03
2.463400825911996050e-01 1.022800891988546482e+03
2.466583353524472444e-01 1.040902701276924063e+03
2.468846941401244277e-01 1.060911079689935150e+03
2.474465254223099098e-01 1.081553891189016440e+03
2.473836821215056603e-01 1.056707552736179650e+03
2.476474639329298844e-01 1.039222504619449637e+03
2.480763389393534357e-01 1.012721237199040388e+03
2.484361870910390957e-01 9.954777102307239147e+02
2.485873107530807147e-01 9.759701276579431806e+02
2.488032692270878421e-01 9.663068983273474259e+02
2.490441026361985000e-01 9.636557192006898731e+02
2.493825919746221753e-01 9.697534118799134149e+02
2.496758469827013716e-01 9.840255611038166990e+02
2.499385479173601154e-01 1.004926203845080181e+03
2.499998483569684793e-01 9.876748836628268009e+02
2.490235483791287396e-01 9.595868162144339522e+02
2.491103371818270684e-01 9.162255582024048408e+02
2.493581224199766244e-01 8.790073181573478678e+02
2.496459446071563892e-01 8.446424912249869976e+02
2.502693160043298337e-01 8.071735860955665203e+02
2.508546944249537836e-01 7.756406485217447653e+02
2.514976574805538601e-01 7.560494101695810514e+02
2.521399121395555554e-01 7.495997885961628526e+02
2.527169397456650035e-01 7.488329070156178204e+02
2.532727174389918234e-01 7.620758163411894657e+02
2.539593086658779031e-01 7.642257615294698780e+02
2.543728505957609243e-01 7.742091403382922863e+02
2.551745043911514688e-01 7.760682414505882889e+02
2.561393327882907633e-01 7.881733162762326401e+02
2.571546667889016424e-01 8.090830140344110077e+02
2.580345193083147248e-01 8.357106196173837134e+02
2.591979003276653759e-01 8.511070656970709933e+02
2.609537494818139902e-01 8.455586697163457757e+02
2.620269812946384169e-01 8.306668507701310773e+02
2.631035313195723702e-01 8.268192779178045839e+02
2.640274466102864870e-01 8.290534613635649066e+02
2.650949634034798774e-01 8.353543023514739616e+02
2.661919602565829268e-01 8.505803192826131180e+02
2.673797728616554847e-01 8.751062678932906920e+02
2.685471810540430715e-01 9.079023702570768819e+02
2.695498173047367052e-01 9.295809625921716588e+02
2.697603020205915914e-01 9.089236130679487360e+02
2.700157234445619281e-01 8.967242506528837112e+02
2.706338379239406899e-01 8.798420311544596188e+02
2.710761656869902225e-01 8.718201490416665820e+02
2.713647308199694796e-01 8.724692129705633761e+02
2.718893018751090684e-01 8.741988721771850805e+02
2.723628829637352866e-01 8.858602072112570340e+02
2.729372830725708132e-01 9.017296662403471146e+02
2.735603238827733485e-01 9.260545437286554034e+02
2.743113539966691716e-01 9.550116042360823485e+02
2.745493138675715317e-01 9.265765136883284185e+02
2.751989199637616679e-01 9.047464410257962300e+02
2.780086311193247228e-01 8.640257401833042650e+02
2.786097832793172913e-01 8.262490350857058274e+02
2.788027259592334994e-01 7.946344815485379058e+02
2.790428681338155692e-01 7.737835214883042454e+02
2.791637603920947841e-01 7.537596725248606617e+02
2.790915008093154404e-01 7.439187823423101236e+02
