4.320834332343262418e-01 1.930091946785294795e+03
4.320773998943544525e-01 1.928339129019502934e+03
4.318485449100273321e-01 1.932398950523047915e+03
4.319462812113452621e-01 1.932851302557218332e+03
4.321026140995473108e-01 1.928888541707487093e+03
4.319280469455751836e-01 1.931157363061125807e+03
3.990635340624120730e-01 3.159681166758753079e+03
3.992096390203646594e-01 3.180673582401032945e+03
3.989267453388896656e-01 3.186808214847566433e+03
3.979340879061196157e-01 3.196749709406496549e+03
3.968947647297395576e-01 3.203861616238243641e+03
3.894443623077837313e-01 3.221555523293767692e+03
3.878504199612031744e-01 3.228168118974776917e+03
3.864835766611477985e-01 3.216336543098965194e+03
3.866804151570158443e-01 3.203788712290302101e+03
3.868657834367905113e-01 3.194978474408917918e+03
3.870047115628376666e-01 3.189375950196178565e+03
3.871455017584762848e-01 3.187133181311729913e+03
3.871831554113635554e-01 3.185540960805279610e+03
3.870799798087958821e-01 3.185730515019845825e+03
3.870459480485564652e-01 3.188775335368483411e+03
3.869586778562296714e-01 3.195101951206881495e+03
3.869870545687557617e-01 3.201716152177262302e+03
3.870688353379043156e-01 3.210255860717351879e+03
3.865116238853126274e-01 3.233523700872724021e+03
3.866613868175902136e-01 3.243574345714155697e+03
3.863680258113310617e-01 3.243827268241951515e+03
3.870471641736691337e-01 3.237361275750279219e+03
3.917581752218858848e-01 3.177339547832147218e+03
3.946645642221884298e-01 3.145412672097808354e+03
3.960389865995706526e-01 3.122317395873099031e+03
3.971416141806073941e-01 3.103113628474001416e+03
3.981303737492115080e-01 3.087026028322013190e+03
3.991533159548292797e-01 3.073388132926756953e+03
4.002029290857325172e-01 3.060333937268999307e+03
4.013982136258074651e-01 3.049887064798273968e+03
4.025738878427526646e-01 3.042045382443075141e+03
4.038308040630760321e-01 3.031520798321761049e+03
4.045696539219261756e-01 3.020478464920153783e+03
4.047825237092849693e-01 3.009797660853776506e+03
4.050020743850978322e-01 3.001393477910677120e+03
4.055860296449447788e-01 2.989942743047275144e+03
4.058945046867646900e-01 2.978103459144815133e+03
4.058834417167860309e-01 2.967619555195632529e+03
4.055481507942834685e-01 2.956175662473219290e+03
4.051880860745775137e-01 2.947798570471782114e+03
4.051470064530126036e-01 2.938133757130438880e+03
4.048681025778845810e-01 2.930596669611608377e+03
4.047958383665079540e-01 2.924886897515006240e+03
4.046498572012904860e-01 2.922353460648871987e+03
4.046545656355781118e-01 2.921550030820859774e+03
4.045118171410793106e-01 2.924588750606045778e+03
4.045100509035086112e-01 2.926650322521886665e+03
4.033857204697824939e-01 2.939400873022648739e+03
2.030321294967975809e-01 4.850493304882354551e+02
1.959101557498842683e-01 3.985710223632277120e+02
1.954909494046630780e-01 3.920522045807154541e+02
1.961086443035309212e-01 3.999725142117271162e+02
1.963447356972261026e-01 3.587810922741851982e+02
1.964459225524462782e-01 3.376680089274079819e+02
1.966300324960794932e-01 3.200991647859270870e+02
1.965665684479240838e-01 3.192202193523393134e+02
1.966836203053682341e-01 3.383964038108367731e+02
1.964985942061465984e-01 2.803686369169837462e+02
1.951275044446746654e-01 2.475153827640806981e+02
2.001481911924350432e-01 2.784635124235067565e+02
4.318363666231551101e-01 2.251345370137041755e+03
4.317143255871475627e-01 2.244641759305378400e+03
4.342966301101535143e-01 2.225895831098845065e+03
4.349238690956141462e-01 2.213873597155885363e+03
4.357430829070078615e-01 2.203925185590096135e+03
4.364318655753899878e-01 2.195483827139292316e+03
4.369112353754963096e-01 2.191407097996471748e+03
4.793076446168829108e-01 2.060946600179960114e+03
4.824907764413036704e-01 2.030373084954860360e+03
4.843959197168155040e-01 2.008602550275259091e+03
4.862679425347209428e-01 1.988992010510868113e+03
4.879159041906556693e-01 1.974641356456519361e+03
4.895252293924521325e-01 1.964802711632419687e+03
4.910957327325546906e-01 1.955949272744938526e+03
4.923031234795592903e-01 1.946111738519953406e+03
4.930333615138614567e-01 1.934623042564328443e+03
4.932215780191130938e-01 1.923938146228790174e+03
4.931510924491617209e-01 1.914797888189880496e+03
4.932422092957128301e-01 1.907964614445530515e+03
4.933527540258024202e-01 1.906334767972452710e+03
4.935368072719699684e-01 1.907276489904226310e+03
4.936983477286017719e-01 1.911972906199770023e+03
4.937699837341442133e-01 1.915680465243473236e+03
4.936385193586824149e-01 1.923280680363695410e+03
4.937880440232397250e-01 1.933334399468408265e+03
4.940182915456324819e-01 1.944212274298174634e+03
4.940862498545798842e-01 1.958442098706156003e+03
4.945042674344380940e-01 1.970653468112763903e+03
4.947532035454438315e-01 1.977621254765626190e+03
4.945935627814381230e-01 1.986670458726500783e+03
4.936599623777171431e-01 1.991828570695420922e+03
4.913923688994727423e-01 1.990461971531668496e+03
4.915920112012900356e-01 1.964084283702226458e+03
4.917637293395308307e-01 1.941037571042188574e+03
4.924639700284072497e-01 1.913110048624055707e+03
4.929126222606304841e-01 1.889027958185760554e+03
4.935212231759963375e-01 1.868548568226996167e+03
4.940789974780561145e-01 1.852306844870027817e+03
4.945950279986245368e-01 1.837570772314898022e+03
4.948684470268228108e-01 1.823891005370324592e+03
4.950735628865128857e-01 1.815491881074795856e+03
4.949495957949647806e-01 1.805960964132834533e+03
4.955767947212072477e-01 1.790722781651383457e+03
4.960464575104721607e-01 1.775997535403447273e+03
4.963028767504318317e-01 1.765718361739738612e+03
4.966593914666926346e-01 1.760781943680478662e+03
4.970002306991851415e-01 1.761172868152280216e+03
4.974602997601709209e-01 1.763539068962190186e+03
4.976739843753030246e-01 1.761933220952672855e+03
4.976468230158352379e-01 1.765139669841629939e+03
4.970576949180147697e-01 1.764938315339292785e+03
4.961936314353271871e-01 1.753107719180784443e+03
4.955462357099404969e-01 1.745616019789463508e+03
4.951933302524469949e-01 1.738271488838862979e+03
4.949550777278142188e-01 1.727297176722023778e+03
4.943861199630049108e-01 1.716854449525654218e+03
4.942905112411451474e-01 1.699054330681957708e+03
4.940069746306160470e-01 1.683906594324665093e+03
4.943081117808568736e-01 1.658586886937067902e+03
4.939087235332154657e-01 1.627913371647660597e+03
4.945622474182204131e-01 1.596014145697845152e+03
4.949476168597543024e-01 1.563465127097151935e+03
4.958751461869591592e-01 1.534758870696186477e+03
4.966575304980132000e-01 1.512552776258853328e+03
4.973923295423404167e-01 1.495947909775975859e+03
4.982856383395857791e-01 1.485362615013347067e+03
4.991742419982114765e-01 1.470763150763493741e+03
4.995977488560148227e-01 1.455466471115123795e+03
4.996973513951323831e-01 1.441798308258263432e+03
4.987317076430785034e-01 1.426013692092544261e+03
4.979043353761782864e-01 1.414841946891749558e+03
4.960180626004266347e-01 1.409942623759406160e+03
